89
16
1 0 0 5 
19 0 5 9 
15 0 9 9 
7 0 9 9 
12 0 9 1 
15 0 1 9 
21 0 13 9 
14 0 9 13 
6 0 13 1 
8 0 1 13 
4 0 13 5 
4 0 13 13 
2 0 17 17 
7 0 17 13 
20 0 17 17 
17 0 9 0 
5 1 0 18 
3 12 18 15 
19 15 6 11 
11 7 11 18 
2 6 18 2 
20 12 3 3 
6 21 11 7 
16 14 7 19 
15 19 19 2 
8 18 2 2 
22 18 7 16 
3 11 16 22 
19 19 19 20 
16 7 20 6 
8 15 6 8 
9 17 8 0 
1 5 0 7 
16 3 7 15 
10 19 8 6 
21 11 6 7 
12 4 7 18 
16 20 18 6 
11 6 6 18 
21 16 19 10 
10 12 22 8 
7 19 8 21 
2 22 8 18 
22 14 21 21 
11 12 21 8 
22 22 16 20 
21 14 12 22 
17 9 18 0 
5 1 0 4 
19 16 4 7 
19 10 16 10 
18 21 21 6 
15 15 6 15 
11 16 15 11 
8 11 8 14 
7 21 14 14 
15 10 14 12 
15 10 12 10 
15 2 11 4 
19 22 4 2 
4 18 2 18 
10 22 6 10 
4 21 11 3 
9 17 15 0 
9 5 0 4 
7 19 4 20 
20 19 10 14 
6 18 19 11 
20 2 11 15 
8 14 2 12 
16 8 12 6 
12 7 12 11 
7 15 11 19 
4 15 19 12 
4 15 12 21 
6 19 21 19 
8 4 19 11 
7 10 11 12 
8 4 12 12 
13 9 12 0 
17 9 0 2 
2 7 2 14 
20 20 20 14 
18 6 12 6 
22 20 6 2 
22 8 2 20 
10 16 20 22 
11 12 22 11 
19 7 11 3 
22 22 21 3 
10 4 3 16 
12 6 16 18 
22 18 18 2 
12 14 2 6 
14 8 6 4 
17 5 15 0 
13 17 0 22 
7 3 22 14 
22 20 11 14 
3 18 14 4 
22 4 4 8 
22 22 21 8 
21 10 8 15 
2 19 15 8 
4 19 8 21 
2 22 21 22 
4 10 22 3 
16 12 3 4 
4 22 11 10 
7 12 10 16 
10 14 16 22 
5 17 22 0 
5 13 0 3 
3 7 2 3 
11 22 3 19 
22 3 12 21 
20 22 19 15 
15 22 15 21 
3 21 21 22 
21 2 22 6 
20 4 6 14 
8 3 14 19 
4 4 7 19 
12 16 19 4 
8 4 8 3 
19 7 3 14 
12 10 14 15 
9 5 15 0 
1 5 0 21 
10 3 21 19 
18 11 19 7 
21 22 7 16 
21 20 16 15 
20 7 15 8 
10 3 8 6 
4 21 6 7 
22 20 7 11 
20 8 11 16 
2 4 16 20 
6 12 20 15 
3 8 15 11 
14 19 12 11 
10 12 11 11 
13 9 19 0 
1 1 0 6 
16 10 6 11 
10 18 11 2 
7 21 2 16 
3 21 16 14 
15 20 14 15 
8 10 15 22 
20 4 22 7 
18 22 7 4 
10 14 4 11 
14 2 11 18 
6 6 15 18 
12 3 18 18 
3 14 18 3 
2 10 3 10 
9 13 10 0 
1 1 0 2 
15 16 3 3 
20 10 3 19 
6 7 19 12 
7 3 22 3 
3 15 3 14 
20 8 14 19 
15 20 19 3 
18 18 22 3 
20 10 3 16 
22 14 16 7 
4 6 7 8 
12 12 8 2 
11 3 2 8 
4 2 8 21 
1 9 21 0 
13 1 0 10 
20 15 10 20 
21 20 10 6 
3 6 6 18 
4 7 18 7 
12 3 7 2 
21 20 2 2 
19 15 2 14 
14 18 14 2 
12 20 2 16 
10 22 16 11 
4 4 11 2 
8 12 2 11 
3 11 3 6 
14 4 6 3 
5 1 8 0 
5 13 0 11 
11 20 7 11 
14 21 11 12 
4 3 12 22 
18 4 22 19 
21 6 19 18 
8 21 18 21 
7 19 21 14 
19 14 14 8 
14 12 8 21 
12 10 21 14 
22 4 14 10 
4 8 19 2 
21 3 2 21 
12 14 21 19 
17 5 19 0 
5 5 0 8 
12 11 8 20 
18 14 20 16 
18 4 16 22 
15 18 22 11 
16 21 11 6 
18 8 6 20 
3 7 20 2 
12 19 2 18 
20 18 18 7 
15 12 7 15 
14 22 15 12 
4 4 12 15 
14 21 8 16 
10 12 16 10 
17 17 10 0 
17 5 0 8 
16 12 8 20 
6 18 20 2 
15 18 2 19 
20 15 19 21 
16 16 21 20 
7 18 20 16 
2 3 16 7 
16 16 7 6 
16 20 6 10 
18 15 10 4 
11 14 4 7 
10 4 15 6 
10 14 6 16 
20 10 16 8 
17 13 8 0 
0 17 0 1 
0 16 1 13 
0 6 13 1 
0 15 1 5 
0 20 5 5 
0 16 5 5 
0 7 5 13 
0 2 13 13 
0 16 13 13 
0 16 13 17 
0 18 17 17 
0 11 17 1 
0 10 1 9 
0 10 9 1 
0 20 1 9 
0 17 9 0 