21
8
2 0 0 6 
10 0 6 1 
13 0 7 7 
9 0 6 3 
10 0 3 1 
11 0 2 2 
11 0 3 3 
5 0 8 0 
1 2 0 10 
14 10 10 15 
11 13 15 12 
16 9 16 9 
11 16 9 16 
12 11 14 11 
14 11 11 14 
7 5 15 0 
1 8 0 14 
9 14 14 14 
13 10 14 10 
11 16 10 13 
10 12 12 10 
12 12 10 12 
12 14 15 14 
2 7 14 0 
3 1 0 9 
13 9 9 16 
10 13 16 16 
13 11 16 9 
12 10 9 10 
13 15 10 13 
14 12 13 16 
3 2 16 0 
5 3 0 14 
10 13 14 10 
15 10 10 16 
13 13 16 10 
13 12 10 16 
14 13 13 16 
13 14 16 14 
6 5 14 0 
1 5 0 13 
11 10 13 12 
10 15 12 10 
16 13 10 13 
11 13 13 9 
10 14 9 12 
15 13 15 15 
5 7 15 0 
3 1 0 11 
10 11 11 10 
16 10 10 14 
13 16 14 10 
14 11 10 13 
12 10 13 13 
16 15 13 10 
7 1 10 0 
0 3 0 6 
0 10 6 5 
0 16 5 4 
0 13 4 1 
0 14 1 3 
0 12 3 4 
0 16 4 7 
0 3 7 0 