15 15
1012

(6,1,0,72) (5,3,104,200) (12,5,208,255) (15,4,268,335) (5,7,335,367) (12,8,411,447) (15,8,447,465) (4,9,474,516) (8,10,548,641) (10,10,641,712) (10,11,712,756) (7,13,756,764) (1,14,767,822) (2,13,822,861) (12,15,861,891) (15,15,891,933) (6,15,961,1010) 
(10,1,0,87) (4,4,97,112) (10,3,112,192) (3,4,192,254) (12,6,255,332) (12,7,332,411) (10,7,411,483) (10,8,483,507) (12,10,507,605) (7,11,605,673) (6,9,679,746) (8,12,774,844) (11,14,844,884) (11,15,884,981) 
(7,2,15,97) (9,4,125,148) (12,4,199,208) (6,3,273,366) (7,7,366,465) (3,8,465,535) (7,10,547,592) (5,13,644,722) (13,11,768,775) (8,13,844,867) (7,14,867,894) (7,15,894,990) 
(8,1,0,54) (3,2,73,155) (13,3,191,264) (6,4,366,379) (11,7,379,385) (9,7,399,432) (12,9,447,477) (7,9,491,547) (1,10,552,633) (15,13,685,778) (12,13,778,833) (5,15,833,864) (2,14,864,913) 
(14,2,98,132) (1,3,132,206) (1,4,206,239) (11,5,239,312) (15,5,335,349) (3,6,356,377) (5,8,377,399) (13,5,399,481) (13,6,481,573) (1,11,633,668) (2,10,691,712) (13,10,714,768) (6,11,768,853) (8,14,867,890) (3,14,906,934) (3,15,934,1012) 
(11,1,0,54) (15,1,54,124) (11,3,124,185) (6,2,185,273) (8,5,275,311) (2,5,311,317) (9,6,317,399) (14,8,434,463) (8,8,463,500) (9,9,500,564) (3,10,593,674) (4,11,674,689) (7,12,689,740) (5,14,740,764) (15,14,778,862) (4,14,862,961) 
(3,1,0,73) (10,2,87,99) (9,3,99,125) (12,3,177,199) (10,4,199,249) (14,5,249,277) (10,6,315,405) (7,8,465,491) (6,5,491,535) (9,10,564,579) (14,10,579,622) (3,11,674,767) (13,12,775,812) (13,13,812,884) (14,15,904,1000) 
(2,1,0,64) (4,3,64,97) (11,2,97,119) (4,5,119,191) (11,4,191,237) (7,5,237,309) (15,6,349,372) (8,7,372,427) (11,8,427,521) (6,6,535,601) (2,9,601,691) (14,12,691,749) (9,13,749,808) (10,14,817,878) (2,15,913,985) 
(5,1,0,97) (7,3,97,118) (14,3,132,184) (7,4,184,237) (8,4,237,275) (9,5,275,303) (8,6,311,363) (11,6,363,379) (3,7,379,444) (1,8,507,539) (15,10,539,623) (15,12,649,685) (2,11,712,735) (10,12,756,802) (10,13,802,817) (1,15,822,849) (6,13,888,956) 
(9,1,0,12) (5,2,97,104) (2,3,151,234) (4,6,234,332) (1,6,332,407) (14,9,463,533) (1,9,539,552) (15,11,623,649) (6,8,665,679) (13,9,679,714) (8,11,714,774) (9,14,808,845) (3,13,845,906) (8,15,906,989) 
(1,1,0,65) (15,2,124,141) (5,4,200,215) (1,5,239,290) (13,4,290,372) (2,7,383,455) (9,8,455,500) (4,10,516,540) (3,9,540,593) (9,11,593,602) (6,7,602,665) (12,11,665,744) (12,12,744,751) (4,12,751,779) (10,15,878,970) 
(13,1,0,49) (12,1,49,141) (14,4,184,210) (8,3,210,224) (5,6,288,331) (2,6,331,383) (2,8,455,462) (4,8,462,474) (8,9,500,548) (13,7,573,646) (13,8,646,677) (11,11,681,735) (14,13,749,794) (2,12,794,804) (11,13,810,842) (13,14,884,936) 
(14,1,0,98) (2,2,98,151) (3,3,155,178) (15,3,178,268) (3,5,268,356) (15,7,372,393) (5,9,399,441) (5,10,441,535) (5,12,558,644) (9,12,644,717) (11,12,735,810) (14,14,810,904) (6,14,956,961) 
(7,1,0,15) (9,2,15,84) (8,2,84,108) (13,2,108,191) (5,5,215,288) (7,6,309,358) (4,7,358,452) (15,9,465,508) (10,9,508,522) (5,11,535,558) (14,11,622,670) (1,12,670,729) (1,13,729,767) (3,12,767,844) (12,14,844,850) (13,15,936,1012) 
(4,1,0,12) (4,2,12,63) (1,2,65,93) (12,2,141,177) (2,4,234,267) (10,5,267,315) (14,6,315,354) (14,7,354,434) (1,7,434,507) (11,9,521,614) (11,10,614,681) (6,10,746,763) (4,13,779,785) (6,12,853,888) (9,15,888,950) (4,15,961,1002) 
