15
9
1 0 0 4 
12 0 4 3 
8 0 3 3 
5 0 3 2 
9 0 2 2 
13 0 2 1 
7 0 1 4 
5 0 4 1 
1 0 1 0 
4 1 0 12 
8 12 12 5 
6 8 5 13 
5 5 13 11 
7 9 11 6 
7 13 6 10 
12 7 10 10 
9 5 10 9 
2 1 9 0 
4 4 0 5 
7 8 5 6 
8 6 6 12 
13 8 12 9 
9 13 9 10 
5 6 10 12 
5 11 12 7 
7 9 7 12 
2 2 12 0 
4 4 0 13 
8 7 13 13 
11 8 13 10 
7 13 9 9 
5 9 7 6 
8 5 6 8 
8 5 8 8 
6 5 8 7 
3 2 7 0 
2 4 0 5 
5 8 5 12 
13 11 12 13 
12 7 13 7 
8 5 7 11 
7 8 13 6 
8 8 6 10 
12 6 10 12 
3 3 13 0 
3 2 0 11 
13 5 7 11 
6 13 11 10 
11 12 10 12 
6 13 12 11 
11 7 11 7 
8 8 5 10 
13 12 10 7 
3 3 7 0 
4 3 0 8 
11 13 8 12 
9 6 12 10 
10 11 11 5 
9 6 5 5 
12 11 5 10 
6 8 10 10 
11 13 6 11 
1 3 11 0 
2 4 0 13 
7 11 13 9 
9 9 9 6 
5 10 6 9 
8 9 9 6 
11 12 6 7 
6 6 7 9 
10 11 9 10 
2 1 10 0 
0 2 0 2 
0 7 2 3 
0 9 3 3 
0 10 3 1 
0 8 1 1 
0 11 1 4 
0 6 4 4 
0 10 4 1 
0 2 1 0 