33
10
1 0 0 3 
11 0 3 4 
5 0 4 2 
11 0 2 2 
8 0 2 3 
12 0 3 1 
11 0 1 3 
6 0 2 2 
13 0 2 1 
1 0 4 0 
3 2 0 9 
8 9 9 7 
10 5 7 13 
7 14 13 14 
14 8 9 12 
7 12 12 5 
5 11 5 13 
13 9 13 12 
5 13 13 6 
4 3 6 0 
3 3 0 8 
6 8 8 13 
14 9 13 6 
7 7 6 10 
13 14 10 7 
13 7 7 8 
14 14 8 11 
6 7 5 9 
6 5 9 9 
4 1 7 0 
2 3 0 6 
14 6 6 12 
9 14 12 8 
13 5 12 12 
13 6 12 6 
5 13 10 14 
5 14 14 13 
12 6 13 13 
7 6 13 9 
4 4 9 0 
4 2 0 11 
13 14 11 6 
13 9 6 8 
7 13 8 10 
6 11 10 11 
5 5 11 5 
11 5 5 11 
11 9 12 9 
11 7 9 12 
4 4 11 0 
2 4 0 10 
6 6 9 10 
8 13 5 14 
7 7 6 14 
9 6 14 8 
12 6 8 9 
7 11 9 14 
10 11 14 9 
14 11 9 10 
4 4 10 0 
1 2 0 10 
13 6 10 11 
14 8 11 12 
6 7 12 7 
11 9 7 5 
9 12 5 7 
8 7 9 8 
11 10 13 12 
14 14 5 12 
4 4 12 0 
4 1 0 5 
5 13 5 5 
8 14 5 6 
12 6 6 10 
7 11 10 8 
5 9 8 7 
8 8 7 8 
10 11 8 5 
6 14 5 8 
2 4 8 0 
1 4 0 11 
7 10 11 10 
8 8 5 10 
14 12 10 11 
14 7 11 10 
13 5 10 10 
12 8 10 12 
7 10 12 10 
9 6 10 12 
3 2 12 0 
0 1 0 1 
0 7 1 3 
0 8 3 1 
0 14 1 2 
0 14 2 1 
0 13 1 3 
0 12 3 3 
0 7 3 2 
0 9 2 1 
0 3 1 0 