25
10
1 0 0 3 
6 0 3 4 
11 0 3 4 
11 0 4 4 
5 0 4 2 
6 0 2 2 
10 0 2 4 
11 0 4 2 
7 0 2 3 
1 0 3 0 
3 2 0 9 
7 6 9 5 
7 13 5 10 
10 11 8 5 
6 13 5 13 
7 6 13 9 
8 10 13 7 
9 8 7 8 
8 7 8 8 
3 3 8 0 
3 3 0 12 
6 7 12 7 
6 10 7 7 
13 7 7 8 
12 6 8 9 
8 9 9 7 
5 12 7 12 
10 11 12 14 
13 8 14 5 
1 4 5 0 
2 3 0 6 
12 6 6 13 
8 6 13 8 
9 13 8 6 
6 12 6 14 
12 8 14 9 
6 5 9 9 
12 10 9 6 
14 13 7 10 
2 1 10 0 
4 2 0 8 
9 12 8 14 
5 6 14 8 
5 9 8 7 
14 6 7 7 
10 12 7 10 
13 6 10 11 
5 11 5 5 
14 14 5 12 
3 2 12 0 
1 4 0 7 
11 9 7 5 
13 5 5 5 
11 5 5 11 
13 14 11 6 
11 10 6 11 
12 13 11 10 
13 5 10 10 
11 14 10 9 
4 1 11 0 
2 1 0 14 
8 11 14 14 
6 13 14 9 
9 11 9 12 
5 13 12 12 
5 11 5 13 
6 12 13 13 
12 13 13 9 
7 11 9 14 
4 4 12 0 
2 2 0 11 
14 8 11 12 
10 6 12 6 
10 9 6 6 
8 5 6 14 
14 5 13 14 
9 6 14 8 
10 12 8 12 
5 7 12 9 
4 4 9 0 
1 2 0 14 
13 14 14 7 
8 10 7 11 
7 10 11 10 
8 8 5 10 
9 14 10 11 
12 9 11 7 
11 10 7 14 
13 5 14 10 
4 4 10 0 
0 1 0 1 
0 13 1 3 
0 8 3 1 
0 7 1 3 
0 8 3 2 
0 9 2 1 
0 12 1 3 
0 11 3 1 
0 13 1 2 
0 4 1 0 