15 15
1010

(2,1,0,64) (15,2,70,87) (5,3,104,200) (12,5,200,247) (5,5,247,320) (5,6,320,363) (15,8,363,381) (5,9,417,459) (5,10,459,553) (7,10,561,606) (12,10,606,704) (9,14,706,743) (15,13,783,876) (7,14,876,903) (12,15,903,933) (6,15,959,1008) 
(8,2,54,78) (9,3,142,168) (4,4,177,192) (7,4,192,245) (9,6,245,327) (10,6,352,442) (2,8,529,536) (1,9,561,574) (10,10,574,645) (6,8,664,678) (6,10,745,762) (1,13,778,816) (12,13,816,871) (14,15,871,967) 
(10,1,0,87) (7,2,87,169) (11,4,169,215) (4,5,215,287) (7,6,317,366) (2,4,366,399) (13,5,399,481) (7,9,505,561) (9,12,570,643) (4,10,643,667) (1,11,667,702) (14,13,702,747) (15,12,747,783) (11,13,794,826) (10,15,871,963) 
(4,1,0,12) (3,2,73,155) (3,4,178,240) (13,3,240,313) (11,7,313,319) (14,8,369,398) (8,7,398,453) (1,7,453,526) (10,9,557,571) (7,11,606,674) (13,9,677,712) (12,11,712,791) (9,15,791,853) (6,13,886,954) 
(5,2,97,104) (1,3,162,236) (7,5,245,317) (1,5,317,368) (5,8,395,417) (15,9,417,460) (10,7,460,532) (3,9,532,585) (5,12,585,671) (2,11,686,709) (13,10,712,766) (6,11,766,851) (8,14,851,874) (11,15,874,971) 
(6,1,0,72) (12,2,92,128) (6,2,128,216) (14,5,222,250) (14,6,250,289) (9,7,327,360) (3,7,368,433) (8,8,453,490) (15,10,490,574) (3,10,585,666) (4,11,667,682) (7,12,682,733) (4,14,733,832) (11,14,832,872) (15,14,876,960) 
(11,3,76,137) (2,2,137,190) (3,5,240,328) (3,8,433,503) (9,10,514,529) (14,10,529,572) (14,11,572,620) (3,11,666,759) (13,12,773,810) (1,15,880,907) (3,15,925,1003) 
(11,2,54,76) (8,3,78,92) (1,2,134,162) (10,2,162,174) (15,4,182,249) (8,4,249,287) (14,7,289,369) (7,7,369,468) (4,9,491,533) (10,8,533,557) (2,9,557,647) (9,13,647,706) (4,13,710,716) (5,14,749,773) (12,12,791,798) (10,14,810,871) (2,14,871,920) (4,15,920,961) 
(5,1,0,97) (14,3,144,196) (15,5,249,263) (15,6,263,286) (11,6,295,311) (8,6,323,375) (1,6,375,450) (9,9,450,514) (6,6,535,601) (11,11,665,719) (1,12,719,778) (2,12,778,788) (10,13,795,810) (3,13,836,897) (8,15,897,980) 
(11,1,0,54) (7,1,54,69) (1,1,69,134) (3,3,155,178) (9,4,178,201) (4,6,287,385) (4,7,385,479) (13,6,481,573) (14,12,620,678) (8,11,678,738) (8,12,738,808) (13,13,810,882) (15,15,960,1002) 
(9,1,0,12) (14,1,12,110) (7,3,169,190) (5,4,200,215) (10,4,254,304) (10,5,304,352) (5,7,363,395) (9,8,395,440) (2,7,457,529) (1,8,529,561) (9,11,561,570) (1,10,574,655) (5,13,671,749) (10,12,749,795) (2,13,795,834) (13,15,934,1010) 
(12,1,0,92) (15,3,92,182) (14,4,196,222) (11,5,222,295) (13,4,313,395) (2,5,399,405) (2,6,405,457) (6,4,457,470) (12,8,479,515) (12,9,515,545) (13,7,573,646) (15,11,646,672) (10,11,672,716) (11,12,719,794) (5,15,794,825) (1,14,825,880) (3,14,897,925) (6,14,954,959) 
(15,1,0,70) (14,2,110,144) (4,3,144,177) (12,4,177,186) (9,5,201,229) (1,4,236,269) (8,5,287,323) (12,6,323,400) (12,7,400,479) (7,8,479,505) (11,9,505,598) (6,7,601,664) (6,9,678,745) (7,13,745,753) (3,12,759,836) (13,14,882,934) 
(8,1,0,54) (4,2,54,105) (13,1,105,154) (13,2,154,237) (2,3,237,320) (15,7,320,341) (14,9,398,468) (8,9,490,538) (5,11,553,576) (11,10,598,665) (2,10,665,686) (14,14,747,841) (12,14,871,877) (2,15,920,992) 
(3,1,0,73) (9,2,73,142) (12,3,142,164) (10,3,174,254) (6,3,254,347) (3,6,347,368) (11,8,368,462) (4,8,479,491) (6,5,491,535) (8,10,538,631) (13,8,646,677) (4,12,682,710) (13,11,766,773) (8,13,808,831) (6,12,851,886) (7,15,903,999) 
