20
10
3 0 0 1 
11 0 1 4 
10 0 4 4 
8 0 4 2 
13 0 2 1 
8 0 1 3 
12 0 3 1 
10 0 1 2 
14 0 2 1 
1 0 1 0 
3 3 0 12 
7 11 12 9 
11 10 9 14 
13 8 14 5 
5 13 5 5 
7 8 5 9 
8 12 9 14 
12 10 10 7 
6 14 7 7 
4 1 7 0 
2 3 0 8 
6 9 8 14 
8 11 14 14 
14 13 14 5 
11 5 5 5 
12 7 5 12 
10 11 12 13 
13 12 9 13 
8 6 13 9 
4 4 9 0 
1 2 0 9 
6 6 9 10 
8 8 10 5 
14 14 5 12 
10 6 12 6 
6 12 6 14 
11 10 14 12 
13 13 12 6 
14 8 6 5 
2 4 5 0 
4 1 0 5 
6 7 5 9 
14 8 9 12 
8 14 12 11 
7 10 11 10 
13 6 10 11 
10 11 11 6 
14 13 6 11 
9 14 11 7 
3 2 7 0 
4 4 0 12 
13 5 12 12 
13 14 14 7 
10 8 7 13 
8 7 13 7 
9 13 7 6 
6 8 8 13 
10 14 13 5 
9 9 5 6 
2 3 9 0 
4 4 0 11 
5 13 11 5 
6 13 5 13 
7 10 13 14 
5 8 14 6 
8 9 9 7 
10 6 7 7 
11 10 7 14 
10 9 14 11 
2 2 11 0 
2 4 0 10 
13 5 10 10 
7 11 10 8 
8 7 8 8 
7 5 9 12 
9 8 12 6 
10 12 6 9 
9 11 9 12 
13 6 12 6 
3 2 6 0 
1 2 0 14 
6 13 14 9 
8 7 9 8 
12 8 10 12 
6 7 12 7 
11 9 7 5 
11 10 5 8 
11 5 11 5 
7 13 5 10 
1 3 13 0 
0 1 0 4 
0 6 4 3 
0 8 3 3 
0 12 3 2 
0 6 2 2 
0 11 2 4 
0 11 4 3 
0 11 3 1 
0 7 1 3 
0 1 3 0 