69
16
9 0 0 17 
8 0 17 5 
3 0 5 13 
10 0 13 1 
2 0 1 1 
15 0 1 9 
21 0 9 1 
21 0 1 5 
16 0 5 5 
15 0 5 1 
6 0 1 1 
10 0 1 9 
10 0 9 1 
8 0 1 5 
15 0 5 17 
9 0 17 0 
17 9 0 8 
3 8 8 4 
14 3 3 18 
3 10 19 21 
2 2 21 20 
16 15 20 21 
3 21 21 22 
3 21 22 22 
7 16 22 14 
12 15 14 22 
2 6 22 20 
14 10 20 19 
7 10 11 12 
22 8 12 10 
10 15 10 12 
1 9 12 0 
13 17 0 8 
18 15 10 4 
6 14 4 20 
3 3 20 12 
16 2 12 20 
16 16 20 21 
7 3 2 20 
19 3 20 15 
20 7 15 8 
16 12 8 20 
4 2 20 16 
21 14 16 8 
19 7 14 21 
3 22 21 12 
8 21 12 14 
13 1 6 0 
5 13 0 11 
3 16 10 20 
10 6 20 21 
2 3 7 3 
15 16 3 3 
22 16 10 14 
21 7 14 14 
21 19 14 12 
22 20 7 11 
7 12 11 12 
8 4 12 12 
18 21 21 8 
14 19 8 14 
8 3 14 19 
4 8 19 2 
13 13 16 0 
17 5 0 22 
11 3 22 16 
20 10 16 8 
11 2 8 12 
4 15 12 21 
2 22 21 22 
21 21 22 14 
12 10 14 15 
22 20 15 19 
6 7 19 12 
16 8 12 6 
19 18 6 21 
10 14 4 11 
21 8 22 22 
8 4 22 4 
13 13 4 0 
13 17 0 22 
14 11 22 20 
7 22 20 4 
19 11 4 8 
6 4 8 7 
3 2 7 16 
19 10 16 21 
11 12 21 8 
2 22 8 18 
6 6 18 15 
11 16 15 11 
15 19 11 6 
16 10 6 11 
6 21 11 7 
21 4 7 6 
1 13 6 0 
9 13 0 19 
8 14 2 12 
18 7 12 4 
7 19 4 4 
10 6 16 20 
19 3 20 10 
22 4 10 11 
12 11 11 22 
4 2 22 19 
8 6 19 10 
11 11 10 12 
20 15 12 6 
20 16 6 18 
3 12 18 15 
10 21 15 8 
13 1 8 0 
5 9 0 15 
3 8 15 11 
10 18 11 2 
2 7 2 14 
3 18 14 4 
12 19 4 15 
3 22 18 18 
3 12 18 18 
18 4 18 2 
18 6 2 20 
16 11 20 8 
6 20 8 18 
16 20 18 14 
15 3 14 3 
2 21 3 21 
9 13 21 0 
13 5 0 4 
6 3 4 14 
20 10 20 15 
19 2 8 15 
11 3 2 8 
12 12 8 2 
10 3 2 10 
22 3 10 4 
22 18 4 7 
11 18 7 19 
21 19 19 6 
11 6 6 18 
22 16 18 4 
12 15 4 4 
21 8 4 2 
13 9 12 0 
17 13 0 16 
19 4 16 12 
18 20 7 18 
2 19 18 15 
4 11 15 2 
3 12 2 7 
16 10 7 12 
18 22 16 7 
21 22 7 16 
10 22 16 11 
4 21 11 3 
3 11 3 6 
15 22 15 21 
14 12 6 2 
7 21 2 16 
1 13 16 0 
17 17 0 2 
12 19 2 18 
22 18 18 2 
6 2 2 18 
22 4 14 10 
16 3 10 4 
19 16 4 7 
11 18 7 11 
14 21 11 12 
16 10 12 10 
15 22 10 8 
10 3 8 6 
8 15 6 8 
2 2 8 18 
4 7 18 7 
5 1 7 0 
17 17 0 10 
14 12 10 15 
12 22 14 21 
11 6 21 16 
12 6 16 18 
20 16 22 22 
3 19 22 11 
20 11 11 7 
14 11 7 4 
12 16 4 3 
7 15 3 16 
14 10 16 6 
14 8 6 4 
11 2 4 4 
19 4 21 8 
5 5 8 0 
9 17 0 18 
15 14 15 20 
11 12 20 8 
8 11 8 14 
11 12 14 19 
4 20 19 7 
21 8 7 19 
8 20 19 14 
2 14 14 18 
6 12 18 6 
21 18 6 21 
16 14 21 3 
22 14 3 7 
19 11 7 15 
2 19 15 19 
9 5 19 0 
17 9 0 2 
19 15 2 14 
18 11 14 2 
22 8 2 20 
10 16 20 22 
3 4 22 12 
14 21 12 10 
6 15 10 4 
21 2 22 6 
3 6 6 18 
11 21 7 6 
16 16 6 7 
3 22 7 3 
7 19 3 11 
20 2 11 15 
9 9 7 0 
17 17 0 20 
19 19 20 19 
4 18 19 22 
10 22 6 10 
16 10 10 19 
14 3 19 7 
15 12 7 15 
15 6 15 15 
19 21 15 20 
11 22 15 18 
19 11 18 6 
7 16 6 20 
7 18 20 16 
19 7 16 14 
20 20 14 20 
1 9 20 0 
0 17 0 1 
0 18 1 5 
0 4 5 9 
0 10 9 13 
0 2 13 13 
0 14 13 9 
0 15 9 9 
0 15 9 17 
0 18 17 17 
0 11 17 1 
0 4 1 5 
0 7 5 13 
0 7 13 17 
0 19 17 5 
0 20 5 5 
0 1 5 0 