9
8
8 0 0 5 
14 0 5 6 
10 0 6 1 
13 0 1 4 
16 0 4 5 
15 0 5 7 
14 0 7 2 
6 0 2 0 
1 8 0 14 
11 14 14 11 
11 10 11 10 
10 13 10 14 
13 16 14 10 
10 15 10 14 
14 14 14 9 
3 6 9 0 
3 1 0 14 
16 14 14 13 
16 16 13 10 
16 10 10 14 
16 13 14 13 
12 10 13 13 
15 12 13 11 
1 3 11 0 
2 3 0 16 
9 16 16 9 
9 16 9 13 
10 16 13 13 
13 16 13 10 
10 12 10 12 
10 15 12 10 
7 1 10 0 
2 2 0 11 
16 9 11 13 
13 9 13 11 
13 10 11 16 
12 13 16 10 
9 10 10 12 
10 11 12 13 
7 7 13 0 
1 2 0 10 
15 16 10 13 
10 13 11 14 
16 13 14 12 
12 12 12 10 
12 9 10 14 
15 10 10 16 
4 7 16 0 
3 1 0 10 
10 14 10 13 
13 10 13 15 
9 16 16 11 
11 12 11 14 
14 12 14 15 
15 15 15 13 
3 4 12 0 
0 3 0 6 
0 10 6 5 
0 13 5 1 
0 9 1 3 
0 11 3 3 
0 14 3 5 
0 15 5 7 
0 3 7 0 