19
10
4 0 0 1 
7 0 1 4 
11 0 4 4 
8 0 4 2 
7 0 2 3 
12 0 3 3 
11 0 3 4 
5 0 4 2 
12 0 2 3 
1 0 3 0 
4 4 0 12 
6 7 12 7 
10 11 7 10 
5 8 10 11 
9 12 11 9 
8 12 9 14 
12 11 14 8 
6 5 8 14 
5 12 14 14 
2 1 14 0 
4 4 0 9 
14 7 14 13 
6 12 13 13 
11 5 13 5 
8 9 9 7 
10 8 7 13 
6 12 13 6 
14 6 6 12 
12 10 12 8 
3 2 8 0 
1 4 0 11 
14 14 11 8 
12 6 8 9 
14 11 9 10 
8 8 10 5 
14 10 5 13 
8 6 13 9 
8 14 9 6 
10 12 6 9 
2 3 9 0 
3 1 0 12 
8 14 12 9 
13 12 9 13 
5 14 13 8 
7 8 8 9 
7 5 9 11 
10 8 11 7 
7 8 7 13 
7 10 13 14 
1 2 14 0 
2 3 0 6 
7 7 6 14 
14 13 14 5 
13 5 5 5 
12 7 5 12 
5 7 12 9 
11 10 9 14 
11 7 14 9 
11 7 9 12 
3 1 11 0 
2 2 0 11 
14 13 6 11 
12 14 11 10 
5 13 10 10 
6 12 10 6 
8 5 6 14 
10 11 14 7 
5 11 5 11 
10 11 11 6 
4 3 6 0 
2 2 0 6 
9 14 6 13 
5 13 13 6 
9 5 6 7 
10 6 7 7 
8 8 7 8 
11 10 13 12 
13 5 12 12 
7 10 12 10 
4 4 10 0 
1 2 0 10 
13 7 10 5 
11 5 5 5 
9 9 5 6 
9 10 6 6 
13 8 6 8 
10 11 6 13 
7 6 13 9 
8 7 9 5 
1 4 5 0 
0 1 0 1 
0 13 1 2 
0 11 2 4 
0 10 4 2 
0 9 2 1 
0 13 1 3 
0 8 3 1 
0 7 1 3 
0 8 3 3 
0 1 3 0 