74
16
9 0 0 17 
15 0 17 9 
14 0 9 13 
6 0 13 1 
6 0 1 13 
2 0 13 13 
7 0 13 5 
16 0 5 5 
3 0 5 13 
21 0 13 9 
12 0 9 1 
8 0 1 5 
20 0 5 5 
15 0 5 9 
10 0 9 1 
5 0 1 0 
1 9 0 10 
21 20 16 16 
22 14 16 7 
20 6 7 16 
12 6 16 18 
14 2 18 14 
3 7 14 22 
7 16 22 21 
10 3 21 19 
14 2 19 15 
7 12 11 12 
18 6 12 6 
15 20 6 12 
22 15 8 10 
12 10 10 15 
1 5 15 0 
1 1 0 2 
7 21 2 16 
22 22 16 20 
15 20 20 10 
7 12 10 16 
21 14 16 8 
18 3 14 3 
14 19 3 8 
12 12 8 4 
6 14 4 20 
19 7 20 4 
7 18 4 12 
10 15 12 14 
21 22 21 3 
15 15 15 6 
1 1 6 0 
9 1 0 20 
3 7 20 2 
4 4 2 11 
18 15 11 22 
20 4 22 7 
11 21 7 6 
21 18 6 21 
22 14 21 21 
11 12 21 14 
3 6 14 4 
3 19 22 11 
19 7 11 18 
4 10 18 15 
19 21 15 20 
16 15 20 21 
5 1 21 0 
9 9 0 7 
8 15 20 7 
21 4 7 6 
4 18 2 18 
16 20 18 14 
7 19 14 3 
2 21 3 21 
6 22 21 2 
12 11 8 21 
22 22 21 3 
14 3 3 15 
11 19 8 4 
3 11 4 21 
18 19 21 6 
21 16 6 11 
13 5 11 0 
1 9 0 15 
18 8 2 2 
8 21 2 4 
22 4 4 8 
8 6 8 15 
15 7 15 12 
3 2 7 16 
3 6 6 18 
19 12 18 2 
20 22 2 6 
10 14 6 16 
19 4 16 12 
3 3 12 20 
7 18 20 18 
8 21 18 21 
1 13 16 0 
13 1 0 10 
15 18 3 12 
20 8 12 11 
20 22 11 7 
21 8 7 19 
18 15 19 2 
11 3 2 8 
20 16 2 4 
7 19 4 4 
18 3 4 14 
12 10 14 15 
11 19 15 7 
12 3 7 2 
2 7 2 14 
11 8 14 8 
13 1 8 0 
13 13 0 4 
12 15 4 4 
7 18 4 7 
11 20 7 11 
6 21 11 7 
14 14 7 21 
2 11 12 8 
6 20 8 18 
4 7 18 22 
2 18 22 18 
11 12 14 19 
6 7 19 12 
10 7 12 11 
14 2 11 18 
19 11 18 6 
9 13 10 0 
13 13 0 16 
20 12 16 2 
3 7 2 3 
16 11 22 10 
10 6 20 21 
12 14 21 8 
12 2 8 14 
21 16 19 10 
11 4 10 14 
6 2 2 18 
6 11 18 6 
18 15 6 6 
4 10 6 15 
15 14 15 20 
21 19 14 12 
13 9 12 0 
17 13 0 7 
16 20 7 18 
12 3 18 18 
22 16 18 4 
14 10 4 22 
10 12 22 8 
12 12 8 2 
22 21 2 22 
14 11 22 20 
18 6 20 16 
10 6 16 20 
6 18 20 2 
20 21 2 2 
8 15 2 19 
8 21 19 4 
5 13 4 0 
17 17 0 20 
10 16 20 22 
15 12 22 14 
12 22 14 21 
16 14 21 3 
20 10 3 19 
21 12 22 3 
12 22 3 4 
11 14 4 7 
22 18 7 16 
12 10 10 16 
7 6 16 16 
10 20 16 3 
22 16 3 11 
14 8 6 4 
1 5 4 0 
17 17 0 2 
4 10 16 3 
7 15 3 16 
6 12 16 8 
11 16 8 20 
20 20 20 14 
8 21 22 22 
11 12 22 11 
18 11 11 7 
3 22 7 3 
16 12 3 4 
8 7 4 6 
19 10 6 8 
2 22 8 18 
21 14 19 7 
5 1 7 0 
5 17 0 15 
3 3 15 16 
19 7 16 14 
2 6 14 12 
11 11 12 10 
8 20 12 16 
4 8 3 8 
15 11 8 3 
18 18 3 22 
4 2 22 19 
10 16 19 10 
16 8 10 20 
19 19 20 19 
19 2 19 15 
10 21 15 8 
5 5 8 0 
17 5 0 8 
11 3 6 3 
7 19 3 11 
20 2 11 15 
6 11 15 19 
4 8 19 2 
11 4 2 15 
21 15 15 22 
20 2 22 8 
10 4 3 22 
6 10 22 10 
22 16 10 14 
19 14 14 8 
14 19 8 20 
14 10 20 19 
9 5 19 0 
17 17 0 10 
6 11 10 16 
4 7 16 19 
15 20 19 3 
2 10 3 10 
22 4 10 11 
16 11 11 15 
12 21 15 4 
22 20 15 19 
19 6 19 21 
8 6 3 10 
19 12 15 4 
22 19 4 18 
11 2 18 10 
21 14 10 12 
17 9 18 0 
0 17 0 1 
0 18 1 5 
0 4 5 9 
0 15 9 9 
0 2 9 17 
0 8 17 13 
0 16 13 17 
0 18 17 17 
0 22 17 13 
0 19 13 9 
0 8 9 17 
0 19 17 5 
0 22 5 17 
0 11 17 1 
0 21 1 9 
0 17 9 0 