12
9
2 0 0 1 
7 0 1 4 
6 0 4 4 
8 0 4 3 
8 0 3 3 
13 0 3 3 
9 0 3 3 
11 0 3 2 
2 0 2 0 
3 2 0 5 
6 7 5 9 
9 6 9 8 
5 8 8 6 
8 8 6 10 
11 10 10 9 
5 9 9 10 
5 11 10 11 
1 2 13 0 
4 3 0 12 
9 6 12 10 
13 9 10 9 
8 5 12 5 
7 8 5 6 
10 11 6 13 
7 10 13 12 
6 5 12 10 
3 1 10 0 
4 4 0 5 
6 9 5 5 
11 13 5 5 
6 8 5 13 
8 7 13 13 
6 10 13 7 
12 7 7 9 
6 6 9 7 
2 3 7 0 
2 4 0 5 
13 9 11 7 
7 11 7 11 
11 6 11 13 
11 8 13 10 
8 6 10 10 
7 12 10 10 
12 6 10 12 
2 2 12 0 
1 2 0 9 
7 13 9 9 
11 7 8 5 
7 11 5 13 
12 11 12 10 
8 8 10 5 
8 7 5 6 
11 12 6 13 
4 2 13 0 
4 1 0 5 
12 7 13 7 
12 11 7 6 
8 7 6 13 
9 12 13 8 
5 8 8 8 
12 8 5 12 
13 11 12 13 
4 4 13 0 
1 4 0 10 
11 12 10 5 
7 12 5 11 
7 9 11 6 
9 9 6 9 
10 5 9 6 
6 12 6 8 
11 13 8 12 
1 4 12 0 
0 1 0 1 
0 11 1 3 
0 7 3 3 
0 7 3 2 
0 9 2 2 
0 10 2 1 
0 8 1 1 
0 11 1 4 
0 1 4 0 