0.000000000000000000e+00
1.330999999999999943e+02
1.330999999999999943e+02
1.499000000000000057e+02
1.516699999999999875e+02
1.531999999999999886e+02
1.550099999999999909e+02
1.567800000000000011e+02
1.587500000000000000e+02
1.606699999999999875e+02
1.626200000000000045e+02
1.644399999999999977e+02
1.664499999999999886e+02
1.685000000000000000e+02
1.704000000000000057e+02
1.721599999999999966e+02
1.739099999999999966e+02
1.760999999999999943e+02
1.783100000000000023e+02
1.805600000000000023e+02
1.823000000000000114e+02
1.842599999999999909e+02
1.860099999999999909e+02
1.877599999999999909e+02
1.895699999999999932e+02
1.915500000000000114e+02
1.937400000000000091e+02
1.957100000000000080e+02
1.974499999999999886e+02
1.988300000000000125e+02
2.007700000000000102e+02
2.028600000000000136e+02
2.047700000000000102e+02
2.068899999999999864e+02
2.090500000000000114e+02
2.108400000000000034e+02
2.128799999999999955e+02
2.150099999999999909e+02
2.165600000000000023e+02
2.186899999999999977e+02
2.210000000000000000e+02
2.229000000000000057e+02
2.248000000000000114e+02
2.265900000000000034e+02
2.281299999999999955e+02
2.297599999999999909e+02
2.313100000000000023e+02
2.330300000000000011e+02
2.347500000000000000e+02
2.361899999999999977e+02
2.378199999999999932e+02
2.395800000000000125e+02
2.411200000000000045e+02
2.429600000000000080e+02
2.449699999999999989e+02
2.469399999999999977e+02
2.490999999999999943e+02
2.510999999999999943e+02
2.531100000000000136e+02
2.550800000000000125e+02
2.571299999999999955e+02
2.588999999999999773e+02
2.605799999999999841e+02
2.621600000000000250e+02
2.641499999999999773e+02
2.661000000000000227e+02
2.682400000000000091e+02
2.704399999999999977e+02
2.725400000000000205e+02
2.743100000000000023e+02
2.761000000000000227e+02
2.776499999999999773e+02
2.793799999999999955e+02
2.807599999999999909e+02
2.823199999999999932e+02
2.840899999999999750e+02
2.857599999999999909e+02
2.874700000000000273e+02
2.894499999999999886e+02
2.913100000000000023e+02
2.933100000000000023e+02
2.951299999999999955e+02
2.965299999999999727e+02
2.982300000000000182e+02
2.998199999999999932e+02
3.014800000000000182e+02
3.031000000000000227e+02
3.048999999999999773e+02
3.066600000000000250e+02
3.082900000000000205e+02
3.099300000000000068e+02
3.115500000000000114e+02
3.129499999999999886e+02
3.147300000000000182e+02
3.165199999999999818e+02
3.179300000000000068e+02
3.195899999999999750e+02
3.211600000000000250e+02
3.231200000000000045e+02
3.246999999999999886e+02
3.261200000000000045e+02
3.272099999999999795e+02
3.290199999999999818e+02
3.310199999999999818e+02
3.325000000000000000e+02
3.345000000000000000e+02
3.363700000000000045e+02
3.383100000000000023e+02
3.398700000000000045e+02
3.416399999999999864e+02
3.430600000000000023e+02
3.448100000000000023e+02
3.465699999999999932e+02
3.482699999999999818e+02
3.501899999999999977e+02
3.521499999999999773e+02
3.538999999999999773e+02
3.558399999999999750e+02
3.578000000000000114e+02
3.595299999999999727e+02
3.614900000000000091e+02
3.636600000000000250e+02
3.648999999999999773e+02
3.664399999999999977e+02
3.681399999999999864e+02
3.701000000000000227e+02
3.722400000000000091e+02
3.738600000000000136e+02
3.756899999999999977e+02
3.776399999999999864e+02
3.791200000000000045e+02
3.809800000000000182e+02
3.828299999999999841e+02
3.847400000000000091e+02
3.867900000000000205e+02
3.881399999999999864e+02
3.901100000000000136e+02
3.919399999999999977e+02
3.938199999999999932e+02
3.955000000000000000e+02
3.973899999999999864e+02
3.992599999999999909e+02
4.011800000000000068e+02
4.031100000000000136e+02
4.051299999999999955e+02
4.069300000000000068e+02
4.088100000000000023e+02
4.106999999999999886e+02
4.126399999999999864e+02
4.143700000000000045e+02
4.162300000000000182e+02
4.182200000000000273e+02
4.202300000000000182e+02
4.221000000000000227e+02
4.239800000000000182e+02
4.256600000000000250e+02
4.275600000000000023e+02
4.294700000000000273e+02
4.310699999999999932e+02
4.328700000000000045e+02
4.344700000000000273e+02
4.360299999999999727e+02
4.376200000000000045e+02
4.395600000000000023e+02
4.412500000000000000e+02
4.430400000000000205e+02
4.449300000000000068e+02
4.468500000000000227e+02
4.486499999999999773e+02
4.504800000000000182e+02
4.520299999999999727e+02
4.537400000000000091e+02
4.554300000000000068e+02
4.573399999999999750e+02
4.591800000000000068e+02
4.611399999999999864e+02
4.630400000000000205e+02
4.646600000000000250e+02
4.662200000000000273e+02
4.677599999999999909e+02
4.696600000000000250e+02
4.711899999999999977e+02
4.729300000000000068e+02
4.746100000000000136e+02
4.759399999999999977e+02
4.774599999999999795e+02
4.791999999999999886e+02
4.809399999999999977e+02
4.828999999999999773e+02
4.844800000000000182e+02
4.862400000000000091e+02
4.879599999999999795e+02
4.899100000000000250e+02
4.916100000000000136e+02
4.934800000000000182e+02
4.950500000000000114e+02
4.968500000000000227e+02
4.985400000000000205e+02
5.003999999999999773e+02
5.020199999999999818e+02
5.039200000000000159e+02
5.059100000000000250e+02
5.077699999999999818e+02
5.095000000000000000e+02
5.112300000000000182e+02
5.130099999999999909e+02
5.146599999999999682e+02
5.164199999999999591e+02
5.183600000000000136e+02
5.197799999999999727e+02
5.213500000000000227e+02
5.229199999999999591e+02
5.243500000000000227e+02
5.260900000000000318e+02
5.278999999999999773e+02
5.297999999999999545e+02
5.317699999999999818e+02
5.337000000000000455e+02
5.357699999999999818e+02
5.378999999999999773e+02
5.398600000000000136e+02
5.415299999999999727e+02
5.434600000000000364e+02
5.455399999999999636e+02
5.471799999999999500e+02
5.491499999999999773e+02
5.505299999999999727e+02
5.522500000000000000e+02
5.540499999999999545e+02
5.555800000000000409e+02
5.575399999999999636e+02
5.591200000000000045e+02
5.606000000000000227e+02
5.622100000000000364e+02
5.632999999999999545e+02
5.647699999999999818e+02
5.663200000000000500e+02
5.675599999999999454e+02
5.691399999999999864e+02
5.708600000000000136e+02
5.727100000000000364e+02
5.744299999999999500e+02
5.761599999999999682e+02
5.778799999999999955e+02
5.797100000000000364e+02
5.814199999999999591e+02
5.832699999999999818e+02
5.847400000000000091e+02
5.862400000000000091e+02
5.880499999999999545e+02
5.900399999999999636e+02
5.917100000000000364e+02
5.935199999999999818e+02
5.952599999999999909e+02
5.969700000000000273e+02
5.989099999999999682e+02
6.009700000000000273e+02
6.030299999999999727e+02
6.049500000000000455e+02
6.070900000000000318e+02
6.091699999999999591e+02
6.112699999999999818e+02
6.134099999999999682e+02
6.153300000000000409e+02
6.173899999999999864e+02
6.195900000000000318e+02
6.214400000000000546e+02
6.231599999999999682e+02
6.249099999999999682e+02
6.268200000000000500e+02
6.287400000000000091e+02
6.304700000000000273e+02
6.322799999999999727e+02
6.342100000000000364e+02
6.362799999999999727e+02
6.384800000000000182e+02
6.406000000000000227e+02
6.425499999999999545e+02
6.442699999999999818e+02
6.462500000000000000e+02
6.483099999999999454e+02
6.502799999999999727e+02
6.522999999999999545e+02
6.543500000000000227e+02
6.561499999999999773e+02
6.580299999999999727e+02
6.593600000000000136e+02
6.772100000000000364e+02
6.790299999999999727e+02
6.805399999999999636e+02
6.823600000000000136e+02
6.842000000000000455e+02
6.859700000000000273e+02
6.877000000000000455e+02
6.896100000000000136e+02
6.913099999999999454e+02
6.931900000000000546e+02
6.951000000000000227e+02
6.970199999999999818e+02
6.985800000000000409e+02
7.001699999999999591e+02
7.012300000000000182e+02
7.025700000000000500e+02
7.025700000000000500e+02
7.200800000000000409e+02
7.218400000000000318e+02
7.235900000000000318e+02
7.255599999999999454e+02
7.275499999999999545e+02
7.291299999999999955e+02
7.311000000000000227e+02
7.330499999999999545e+02
7.348600000000000136e+02
7.368500000000000227e+02
7.386499999999999773e+02
7.406100000000000136e+02
7.425800000000000409e+02
7.445000000000000000e+02
7.463300000000000409e+02
7.481000000000000227e+02
7.493799999999999955e+02
7.510800000000000409e+02
7.532799999999999727e+02
7.553700000000000045e+02
7.571900000000000546e+02
7.590399999999999636e+02
7.605700000000000500e+02
7.624600000000000364e+02
7.644299999999999500e+02
7.664500000000000455e+02
7.680199999999999818e+02
7.693799999999999955e+02
7.711599999999999682e+02
7.729400000000000546e+02
7.745299999999999727e+02
7.763400000000000318e+02
7.781100000000000136e+02
7.799099999999999682e+02
7.811699999999999591e+02
7.828200000000000500e+02
7.846299999999999955e+02
7.864400000000000546e+02
7.882200000000000273e+02
7.901100000000000136e+02
7.917899999999999636e+02
7.937200000000000273e+02
7.956200000000000045e+02
7.975700000000000500e+02
7.992999999999999545e+02
8.010099999999999909e+02
8.028700000000000045e+02
8.044500000000000455e+02
8.058600000000000136e+02
8.076299999999999955e+02
8.093799999999999955e+02
8.111200000000000045e+02
8.127500000000000000e+02
8.144900000000000091e+02
8.162500000000000000e+02
8.180299999999999727e+02
8.199500000000000455e+02
8.215000000000000000e+02
8.233099999999999454e+02
8.250900000000000318e+02
8.267000000000000455e+02
8.285199999999999818e+02
8.305099999999999909e+02
8.325599999999999454e+02
8.343999999999999773e+02
8.363600000000000136e+02
8.380000000000000000e+02
8.400000000000000000e+02
8.418099999999999454e+02
8.436599999999999682e+02
8.454299999999999500e+02
8.472899999999999636e+02
8.491699999999999591e+02
8.507300000000000182e+02
8.523400000000000318e+02
8.541200000000000045e+02
8.553700000000000045e+02
8.571200000000000045e+02
8.587200000000000273e+02
8.605399999999999636e+02
8.621399999999999864e+02
8.639199999999999591e+02
8.654900000000000091e+02
8.674099999999999682e+02
8.692100000000000364e+02
8.709600000000000364e+02
8.728600000000000136e+02
8.745700000000000500e+02
8.762100000000000364e+02
8.778200000000000500e+02
8.796100000000000136e+02
8.811799999999999500e+02
8.828899999999999864e+02
8.848700000000000045e+02
8.867699999999999818e+02
8.887000000000000455e+02
8.906000000000000227e+02
8.925399999999999636e+02
8.941799999999999500e+02
8.962200000000000273e+02
8.982000000000000455e+02
9.002200000000000273e+02
9.022200000000000273e+02
9.042100000000000364e+02
9.061699999999999591e+02
9.079500000000000455e+02
9.098700000000000045e+02
9.116100000000000136e+02
9.134600000000000364e+02
9.154299999999999500e+02
9.172200000000000273e+02
9.188999999999999773e+02
9.205299999999999727e+02
9.223899999999999864e+02
9.241900000000000546e+02
9.260099999999999909e+02
9.275199999999999818e+02
9.291799999999999500e+02
9.310599999999999454e+02
9.329299999999999500e+02
9.345800000000000409e+02
9.365599999999999454e+02
9.385499999999999545e+02
9.405499999999999545e+02
9.423799999999999955e+02
9.440700000000000500e+02
9.458500000000000227e+02
9.478099999999999454e+02
9.497699999999999818e+02
9.513999999999999773e+02
9.529800000000000182e+02
9.550099999999999909e+02
9.566299999999999955e+02
9.587599999999999909e+02
9.603500000000000227e+02
9.621699999999999591e+02
9.640000000000000000e+02
9.657799999999999727e+02
9.671900000000000546e+02
9.690599999999999454e+02
9.706200000000000045e+02
9.724099999999999682e+02
9.744400000000000546e+02
9.764800000000000182e+02
9.782500000000000000e+02
9.800900000000000318e+02
9.818899999999999864e+02
9.990800000000000409e+02
1.000620000000000005e+03
1.002190000000000055e+03
1.003570000000000050e+03
1.005139999999999986e+03
1.006879999999999995e+03
1.008450000000000045e+03
1.010009999999999991e+03
1.011700000000000045e+03
1.013250000000000000e+03
1.014750000000000000e+03
1.016509999999999991e+03
1.018259999999999991e+03
1.019990000000000009e+03
1.021549999999999955e+03
1.023149999999999977e+03
1.024890000000000100e+03
1.026450000000000045e+03
1.028220000000000027e+03
1.030029999999999973e+03
1.031579999999999927e+03
1.033240000000000009e+03
1.035009999999999991e+03
1.036789999999999964e+03
1.038450000000000045e+03
1.040279999999999973e+03
1.041470000000000027e+03
1.043210000000000036e+03
1.044779999999999973e+03
1.046589999999999918e+03
1.046599999999999909e+03
1.047099999999999909e+03
1.047099999999999909e+03
1.064710000000000036e+03
1.066720000000000027e+03
1.068500000000000000e+03
1.070500000000000000e+03
1.072299999999999955e+03
1.074069999999999936e+03
1.075710000000000036e+03
1.077339999999999918e+03
1.079079999999999927e+03
1.080849999999999909e+03
1.082440000000000055e+03
1.084210000000000036e+03
1.085769999999999982e+03
1.087549999999999955e+03
1.089480000000000018e+03
1.091480000000000018e+03
1.093259999999999991e+03
1.095019999999999982e+03
1.096759999999999991e+03
1.098700000000000045e+03
1.100470000000000027e+03
1.102400000000000091e+03
1.103809999999999945e+03
1.105740000000000009e+03
1.107650000000000091e+03
1.109410000000000082e+03
1.111400000000000091e+03
1.113250000000000000e+03
1.115250000000000000e+03
1.117190000000000055e+03
1.119089999999999918e+03
1.120690000000000055e+03
1.122299999999999955e+03
1.124289999999999964e+03
1.125920000000000073e+03
1.127680000000000064e+03
1.129119999999999891e+03
1.131079999999999927e+03
1.132950000000000045e+03
1.134539999999999964e+03
1.136250000000000000e+03
1.137839999999999918e+03
1.139049999999999955e+03
1.140849999999999909e+03
1.142599999999999909e+03
1.144349999999999909e+03
1.146259999999999991e+03
1.147660000000000082e+03
1.149410000000000082e+03
1.151250000000000000e+03
1.153000000000000000e+03
1.154599999999999909e+03
1.156250000000000000e+03
1.157849999999999909e+03
1.159579999999999927e+03
1.161509999999999991e+03
1.163259999999999991e+03
1.164990000000000009e+03
1.166220000000000027e+03
1.167960000000000036e+03
1.169890000000000100e+03
1.171519999999999982e+03
1.173259999999999991e+03
1.175069999999999936e+03
1.177059999999999945e+03
1.178930000000000064e+03
1.180480000000000018e+03
1.182150000000000091e+03
1.184400000000000091e+03
1.186210000000000036e+03
1.187779999999999973e+03
1.189670000000000073e+03
1.191500000000000000e+03
1.193299999999999955e+03
1.195099999999999909e+03
1.197029999999999973e+03
1.198900000000000091e+03
1.200849999999999909e+03
1.202750000000000000e+03
1.204319999999999936e+03
1.206049999999999955e+03
1.207940000000000055e+03
1.209910000000000082e+03
1.211589999999999918e+03
1.213380000000000109e+03
1.215160000000000082e+03
1.216210000000000036e+03
1.218160000000000082e+03
1.219730000000000018e+03
1.221420000000000073e+03
1.223049999999999955e+03
1.225059999999999945e+03
1.227009999999999991e+03
1.228740000000000009e+03
1.230650000000000091e+03
1.232200000000000045e+03
1.234059999999999945e+03
1.235940000000000055e+03
1.237670000000000073e+03
1.239400000000000091e+03
1.241099999999999909e+03
1.242849999999999909e+03
1.244410000000000082e+03
1.246190000000000055e+03
1.247920000000000073e+03
1.249670000000000073e+03
1.251609999999999900e+03
1.253539999999999964e+03
1.255390000000000100e+03
1.257230000000000018e+03
1.258940000000000055e+03
1.260630000000000109e+03
1.262319999999999936e+03
1.264289999999999964e+03
1.265829999999999927e+03
1.267759999999999991e+03
1.269789999999999964e+03
1.271740000000000009e+03
1.273470000000000027e+03
1.275240000000000009e+03
1.277359999999999900e+03
1.278980000000000018e+03
1.280759999999999991e+03
1.282619999999999891e+03
1.284130000000000109e+03
1.286089999999999918e+03
1.288019999999999982e+03
1.289859999999999900e+03
1.291710000000000036e+03
1.293460000000000036e+03
1.295089999999999918e+03
1.296819999999999936e+03
1.298539999999999964e+03
1.300470000000000027e+03
1.302039999999999964e+03
1.303880000000000109e+03
1.305589999999999918e+03
1.307480000000000018e+03
1.309450000000000045e+03
1.311130000000000109e+03
1.313029999999999973e+03
1.315009999999999991e+03
1.317009999999999991e+03
1.318940000000000055e+03
1.320829999999999927e+03
1.322519999999999982e+03
1.324430000000000064e+03
1.326160000000000082e+03
1.327930000000000064e+03
1.329809999999999945e+03
1.331650000000000091e+03
1.333500000000000000e+03
1.335380000000000109e+03
1.337009999999999991e+03
1.338829999999999927e+03
1.340680000000000064e+03
1.342450000000000045e+03
1.343990000000000009e+03
1.345730000000000018e+03
1.347369999999999891e+03
1.348990000000000009e+03
1.350769999999999982e+03
1.352500000000000000e+03
1.354220000000000027e+03
1.355609999999999900e+03
1.357309999999999945e+03
1.359039999999999964e+03
1.360890000000000100e+03
1.362690000000000055e+03
1.364569999999999936e+03
1.366420000000000073e+03
1.367920000000000073e+03
1.369789999999999964e+03
1.371630000000000109e+03
1.373160000000000082e+03
1.375019999999999982e+03
1.376880000000000109e+03
1.378750000000000000e+03
1.380250000000000000e+03
1.382160000000000082e+03
1.384000000000000000e+03
1.385500000000000000e+03
1.387480000000000018e+03
1.389410000000000082e+03
1.391079999999999927e+03
1.393009999999999991e+03
1.394890000000000100e+03
1.396559999999999945e+03
1.398230000000000018e+03
1.399690000000000055e+03
1.401650000000000091e+03
1.403609999999999900e+03
1.405609999999999900e+03
1.407269999999999982e+03
1.408829999999999927e+03
1.410819999999999936e+03
1.412829999999999927e+03
1.414759999999999991e+03
1.416690000000000055e+03
1.418660000000000082e+03
1.420579999999999927e+03
1.422500000000000000e+03
1.424440000000000055e+03
1.426210000000000036e+03
1.428109999999999900e+03
1.429680000000000064e+03
1.431599999999999909e+03
1.433160000000000082e+03
1.434799999999999955e+03
1.436529999999999973e+03
1.438450000000000045e+03
1.440180000000000064e+03
1.441670000000000073e+03
1.443640000000000100e+03
1.445420000000000073e+03
1.447130000000000109e+03
1.448869999999999891e+03
1.450569999999999936e+03
1.452500000000000000e+03
1.454380000000000109e+03
1.456170000000000073e+03
1.457910000000000082e+03
1.459990000000000009e+03
1.461849999999999909e+03
1.463720000000000027e+03
1.465279999999999973e+03
1.466960000000000036e+03
1.468660000000000082e+03
1.470579999999999927e+03
1.472140000000000100e+03
1.474130000000000109e+03
1.475680000000000064e+03
1.477609999999999900e+03
1.479539999999999964e+03
1.481480000000000018e+03
1.483380000000000109e+03
1.485339999999999918e+03
1.487369999999999891e+03
1.489380000000000109e+03
1.491140000000000100e+03
1.492670000000000073e+03
1.494529999999999973e+03
1.496480000000000018e+03
1.498240000000000009e+03
1.500059999999999945e+03
1.502000000000000000e+03
1.503960000000000036e+03
1.505630000000000109e+03
1.507390000000000100e+03
1.509180000000000064e+03
1.510940000000000055e+03
1.512730000000000018e+03
1.514480000000000018e+03
1.516289999999999964e+03
1.517900000000000091e+03
1.519619999999999891e+03
1.521400000000000091e+03
1.523109999999999900e+03
1.524849999999999909e+03
1.526779999999999973e+03
1.528490000000000009e+03
1.530359999999999900e+03
1.532309999999999945e+03
1.534220000000000027e+03
1.535950000000000045e+03
1.537900000000000091e+03
1.539680000000000064e+03
1.541299999999999955e+03
1.543099999999999909e+03
1.544809999999999945e+03
1.546549999999999955e+03
1.548400000000000091e+03
1.549869999999999891e+03
1.551559999999999945e+03
1.553400000000000091e+03
1.555039999999999964e+03
1.556960000000000036e+03
1.558670000000000073e+03
1.560660000000000082e+03
1.562589999999999918e+03
1.564500000000000000e+03
1.566220000000000027e+03
1.568269999999999982e+03
1.570230000000000018e+03
1.572230000000000018e+03
1.573779999999999973e+03
1.575480000000000018e+03
1.577369999999999891e+03
1.579150000000000091e+03
1.580930000000000064e+03
1.582930000000000064e+03
1.584769999999999982e+03
1.586819999999999936e+03
1.588609999999999900e+03
1.590369999999999891e+03
1.592150000000000091e+03
1.593930000000000064e+03
1.595650000000000091e+03
1.597269999999999982e+03
1.598990000000000009e+03
1.600720000000000027e+03
1.602440000000000055e+03
1.604059999999999945e+03
1.605960000000000036e+03
1.607930000000000064e+03
1.609579999999999927e+03
1.611579999999999927e+03
1.613539999999999964e+03
1.615380000000000109e+03
1.617230000000000018e+03
1.619059999999999945e+03
1.620930000000000064e+03
1.622900000000000091e+03
1.624720000000000027e+03
1.626670000000000073e+03
1.628619999999999891e+03
1.630539999999999964e+03
1.632480000000000018e+03
1.634599999999999909e+03
1.636299999999999955e+03
1.638180000000000064e+03
1.639940000000000055e+03
1.641539999999999964e+03
1.643160000000000082e+03
1.644759999999999991e+03
1.646599999999999909e+03
1.648529999999999973e+03
1.650490000000000009e+03
1.652420000000000073e+03
1.654180000000000064e+03
1.655900000000000091e+03
1.657779999999999973e+03
1.659250000000000000e+03
1.661250000000000000e+03
1.663259999999999991e+03
1.665119999999999891e+03
1.667079999999999927e+03
1.668710000000000036e+03
1.670869999999999891e+03
1.672769999999999982e+03
1.674720000000000027e+03
1.676430000000000064e+03
1.678119999999999891e+03
1.679930000000000064e+03
1.681920000000000073e+03
1.683880000000000109e+03
1.685920000000000073e+03
1.687829999999999927e+03
1.689740000000000009e+03
1.691619999999999891e+03
1.693519999999999982e+03
1.695269999999999982e+03
1.697160000000000082e+03
1.698880000000000109e+03
1.700589999999999918e+03
1.702150000000000091e+03
1.703730000000000018e+03
1.705130000000000109e+03
1.706569999999999936e+03
1.708160000000000082e+03
1.710089999999999918e+03
1.712049999999999955e+03
1.713960000000000036e+03
1.715880000000000109e+03
1.717750000000000000e+03
1.719670000000000073e+03
1.721250000000000000e+03
1.722779999999999973e+03
1.724490000000000009e+03
1.726089999999999918e+03
1.727890000000000100e+03
1.729859999999999900e+03
1.731809999999999945e+03
1.733589999999999918e+03
1.735319999999999936e+03
1.737059999999999945e+03
1.738900000000000091e+03
1.740759999999999991e+03
1.742170000000000073e+03
1.743980000000000018e+03
1.745900000000000091e+03
1.747670000000000073e+03
1.749460000000000036e+03
1.751259999999999991e+03
1.753190000000000055e+03
1.755170000000000073e+03
1.757140000000000100e+03
1.758970000000000027e+03
1.760940000000000055e+03
1.762710000000000036e+03
1.764619999999999891e+03
1.766420000000000073e+03
1.768309999999999945e+03
1.770029999999999973e+03
1.771589999999999918e+03
1.773390000000000100e+03
1.775029999999999973e+03
1.776619999999999891e+03
1.778400000000000091e+03
1.780440000000000055e+03
1.782349999999999909e+03
1.784269999999999982e+03
1.786150000000000091e+03
1.788009999999999991e+03
1.789769999999999982e+03
1.791650000000000091e+03
1.793359999999999900e+03
1.795170000000000073e+03
1.796980000000000018e+03
1.798930000000000064e+03
1.800839999999999918e+03
1.802789999999999964e+03
1.804769999999999982e+03
1.806720000000000027e+03
1.808589999999999918e+03
1.810250000000000000e+03
1.811960000000000036e+03
1.813519999999999982e+03
1.815390000000000100e+03
1.816910000000000082e+03
1.818759999999999991e+03
1.820589999999999918e+03
1.822259999999999991e+03
1.823930000000000064e+03
1.825569999999999936e+03
1.827400000000000091e+03
1.829319999999999936e+03
1.831069999999999936e+03
1.832980000000000018e+03
1.834900000000000091e+03
1.836740000000000009e+03
1.838740000000000009e+03
1.840509999999999991e+03
1.842460000000000036e+03
1.844269999999999982e+03
1.846180000000000064e+03
1.847930000000000064e+03
1.849700000000000045e+03
1.851619999999999891e+03
1.853440000000000055e+03
1.855450000000000045e+03
1.857240000000000009e+03
1.859210000000000036e+03
1.861029999999999973e+03
1.863000000000000000e+03
1.864970000000000027e+03
1.866740000000000009e+03
1.868750000000000000e+03
1.870529999999999973e+03
1.872490000000000009e+03
1.874420000000000073e+03
1.876099999999999909e+03
1.877779999999999973e+03
1.879640000000000100e+03
1.881559999999999945e+03
1.883440000000000055e+03
1.885269999999999982e+03
1.887160000000000082e+03
1.889059999999999945e+03
1.890589999999999918e+03
1.892190000000000055e+03
1.893759999999999991e+03
1.895650000000000091e+03
1.897519999999999982e+03
1.899309999999999945e+03
1.901039999999999964e+03
1.902779999999999973e+03
1.904660000000000082e+03
1.906349999999999909e+03
1.907900000000000091e+03
1.909599999999999909e+03
1.910819999999999936e+03
1.912640000000000100e+03
1.914430000000000064e+03
1.916220000000000027e+03
1.917799999999999955e+03
1.919299999999999955e+03
1.920940000000000055e+03
1.922500000000000000e+03
1.924140000000000100e+03
1.925589999999999918e+03
1.927349999999999909e+03
1.929140000000000100e+03
1.930980000000000018e+03
1.932809999999999945e+03
1.934470000000000027e+03
1.936390000000000100e+03
1.938220000000000027e+03
1.940019999999999982e+03
1.941769999999999982e+03
1.943380000000000109e+03
1.945099999999999909e+03
1.946859999999999900e+03
1.948730000000000018e+03
1.950670000000000073e+03
1.952210000000000036e+03
1.954500000000000000e+03
1.956359999999999900e+03
1.958450000000000045e+03
1.960519999999999982e+03
1.962470000000000027e+03
1.964200000000000045e+03
1.966140000000000100e+03
1.967970000000000027e+03
1.969970000000000027e+03
1.971619999999999891e+03
1.973480000000000018e+03
1.975329999999999927e+03
1.977349999999999909e+03
1.979359999999999900e+03
1.981339999999999918e+03
1.982940000000000055e+03
1.984759999999999991e+03
1.986319999999999936e+03
1.988240000000000009e+03
1.990049999999999955e+03
1.992069999999999936e+03
1.994150000000000091e+03
1.995900000000000091e+03
1.997720000000000027e+03
1.999740000000000009e+03
2.001589999999999918e+03
2.003500000000000000e+03
2.005259999999999991e+03
2.007170000000000073e+03
2.008930000000000064e+03
2.010920000000000073e+03
2.012769999999999982e+03
2.014359999999999900e+03
2.016000000000000000e+03
2.017609999999999900e+03
2.019430000000000064e+03
2.021029999999999973e+03
2.022680000000000064e+03
2.024420000000000073e+03
2.026190000000000055e+03
2.028150000000000091e+03
2.029730000000000018e+03
2.031509999999999991e+03
2.033279999999999973e+03
2.034819999999999936e+03
2.036529999999999973e+03
2.038240000000000009e+03
2.040039999999999964e+03
2.042009999999999991e+03
2.043940000000000055e+03
2.045880000000000109e+03
2.047910000000000082e+03
2.049840000000000146e+03
2.051739999999999782e+03
2.052980000000000018e+03
2.054940000000000055e+03
2.056750000000000000e+03
2.058750000000000000e+03
2.060730000000000018e+03
2.062559999999999945e+03
2.064519999999999982e+03
2.066239999999999782e+03
2.067789999999999964e+03
2.069719999999999800e+03
2.071599999999999909e+03
2.072849999999999909e+03
2.074820000000000164e+03
2.076789999999999964e+03
2.078599999999999909e+03
2.080219999999999800e+03
2.082059999999999945e+03
2.084079999999999927e+03
2.085980000000000018e+03
2.087969999999999800e+03
2.089610000000000127e+03
2.091449999999999818e+03
2.093429999999999836e+03
2.095210000000000036e+03
2.097179999999999836e+03
2.099210000000000036e+03
2.101190000000000055e+03
2.103110000000000127e+03
2.104699999999999818e+03
2.106349999999999909e+03
2.108289999999999964e+03
2.110090000000000146e+03
2.112030000000000200e+03
2.114670000000000073e+03
2.116659999999999854e+03
2.118900000000000091e+03
2.120670000000000073e+03
2.122769999999999982e+03
2.124949999999999818e+03
2.127869999999999891e+03
2.130590000000000146e+03
2.132420000000000073e+03
2.134469999999999800e+03
2.136480000000000018e+03
2.138300000000000182e+03
2.139840000000000146e+03
2.141690000000000055e+03
2.143079999999999927e+03
2.145070000000000164e+03
2.146820000000000164e+03
2.148710000000000036e+03
2.150480000000000018e+03
2.152369999999999891e+03
2.154099999999999909e+03
2.156039999999999964e+03
2.157789999999999964e+03
2.159300000000000182e+03
2.161010000000000218e+03
2.162940000000000055e+03
2.164539999999999964e+03
2.166280000000000200e+03
2.168190000000000055e+03
2.169969999999999800e+03
2.171769999999999982e+03
2.173449999999999818e+03
2.175380000000000109e+03
2.177260000000000218e+03
2.179000000000000000e+03
2.180789999999999964e+03
2.182289999999999964e+03
2.184130000000000109e+03
2.186070000000000164e+03
2.188000000000000000e+03
2.189929999999999836e+03
2.191570000000000164e+03
2.193409999999999854e+03
2.195210000000000036e+03
2.197130000000000109e+03
2.198900000000000091e+03
2.200750000000000000e+03
2.202650000000000091e+03
2.204519999999999982e+03
2.206429999999999836e+03
2.208429999999999836e+03
2.210469999999999800e+03
2.212280000000000200e+03
2.214099999999999909e+03
2.215880000000000109e+03
2.217829999999999927e+03
2.219840000000000146e+03
2.221440000000000055e+03
2.223460000000000036e+03
2.225070000000000164e+03
2.227090000000000146e+03
2.228829999999999927e+03
2.230099999999999909e+03
2.231719999999999800e+03
2.233530000000000200e+03
2.235429999999999836e+03
2.237090000000000146e+03
2.239079999999999927e+03
2.241059999999999945e+03
2.243090000000000146e+03
2.244840000000000146e+03
2.246599999999999909e+03
2.248469999999999800e+03
2.250199999999999818e+03
2.252150000000000091e+03
2.254099999999999909e+03
2.256030000000000200e+03
2.257949999999999818e+03
2.259860000000000127e+03
2.261739999999999782e+03
2.263690000000000055e+03
2.265630000000000109e+03
2.267199999999999818e+03
2.269179999999999836e+03
2.271159999999999854e+03
2.272989999999999782e+03
2.274909999999999854e+03
2.276880000000000109e+03
2.278650000000000091e+03
2.280539999999999964e+03
2.282440000000000055e+03
2.284380000000000109e+03
2.286110000000000127e+03
2.287750000000000000e+03
2.289409999999999854e+03
2.290960000000000036e+03
2.292909999999999854e+03
2.294949999999999818e+03
2.296889999999999873e+03
2.298800000000000182e+03
2.300769999999999982e+03
2.302719999999999800e+03
2.304329999999999927e+03
2.305789999999999964e+03
2.307639999999999873e+03
2.309440000000000055e+03
2.311250000000000000e+03
2.313179999999999836e+03
2.315210000000000036e+03
2.317159999999999854e+03
2.319079999999999927e+03
2.321199999999999818e+03
2.323090000000000146e+03
2.325010000000000218e+03
2.326670000000000073e+03
2.343199999999999818e+03
2.344539999999999964e+03
2.345880000000000109e+03
2.347090000000000146e+03
2.348769999999999982e+03
2.350460000000000036e+03
2.352190000000000055e+03
2.353900000000000091e+03
2.355599999999999909e+03
2.357340000000000146e+03
2.359059999999999945e+03
2.360780000000000200e+03
2.362519999999999982e+03
2.364300000000000182e+03
2.366170000000000073e+03
2.367840000000000146e+03
2.369659999999999854e+03
2.371409999999999854e+03
2.373340000000000146e+03
2.375230000000000018e+03
2.377219999999999800e+03
2.379019999999999982e+03
2.380230000000000018e+03
2.382010000000000218e+03
2.383719999999999800e+03
2.385400000000000091e+03
2.386780000000000200e+03
2.388420000000000073e+03
2.390039999999999964e+03
2.390039999999999964e+03
2.407329999999999927e+03
2.409219999999999800e+03
2.411179999999999836e+03
2.413070000000000164e+03
2.414420000000000073e+03
2.416570000000000164e+03
2.418760000000000218e+03
2.420750000000000000e+03
2.422809999999999945e+03
2.424789999999999964e+03
2.426730000000000018e+03
2.428519999999999982e+03
2.430630000000000109e+03
2.433070000000000164e+03
2.435530000000000200e+03
2.437739999999999782e+03
2.439760000000000218e+03
2.441639999999999873e+03
2.443280000000000200e+03
2.445119999999999891e+03
2.446650000000000091e+03
2.449090000000000146e+03
2.451440000000000055e+03
2.453269999999999982e+03
2.455039999999999964e+03
2.457159999999999854e+03
2.459329999999999927e+03
2.461420000000000073e+03
2.463880000000000109e+03
2.466130000000000109e+03
2.467840000000000146e+03
2.469929999999999836e+03
2.472110000000000127e+03
2.474269999999999982e+03
2.476230000000000018e+03
2.478409999999999854e+03
2.480139999999999873e+03
2.481840000000000146e+03
2.484059999999999945e+03
2.485610000000000127e+03
2.487739999999999782e+03
2.489679999999999836e+03
2.491780000000000200e+03
2.493880000000000109e+03
2.495789999999999964e+03
2.497519999999999982e+03
2.499449999999999818e+03
2.501400000000000091e+03
2.503449999999999818e+03
2.505239999999999782e+03
2.507329999999999927e+03
2.509489999999999782e+03
2.511429999999999836e+03
2.513380000000000109e+03
2.515389999999999873e+03
2.517360000000000127e+03
2.519420000000000073e+03
2.521369999999999891e+03
2.523480000000000018e+03
2.525659999999999854e+03
2.527599999999999909e+03
2.529719999999999800e+03
2.531619999999999891e+03
2.533699999999999818e+03
2.535599999999999909e+03
2.537710000000000036e+03
2.539480000000000018e+03
2.541579999999999927e+03
2.543750000000000000e+03
2.545869999999999891e+03
2.548099999999999909e+03
2.550250000000000000e+03
2.552159999999999854e+03
2.554110000000000127e+03
2.556210000000000036e+03
2.558119999999999891e+03
2.560139999999999873e+03
2.562269999999999982e+03
2.564360000000000127e+03
2.566289999999999964e+03
2.568489999999999782e+03
2.570260000000000218e+03
2.572389999999999873e+03
2.574150000000000091e+03
2.576250000000000000e+03
2.578349999999999909e+03
2.580530000000000200e+03
2.582639999999999873e+03
2.584739999999999782e+03
2.586840000000000146e+03
2.588949999999999818e+03
2.591010000000000218e+03
2.593150000000000091e+03
2.595429999999999836e+03
2.597690000000000055e+03
2.599659999999999854e+03
2.602050000000000182e+03
2.604369999999999891e+03
2.606650000000000091e+03
2.609170000000000073e+03
2.611280000000000200e+03
2.613650000000000091e+03
2.615909999999999854e+03
2.617690000000000055e+03
2.619530000000000200e+03
2.621349999999999909e+03
2.623150000000000091e+03
2.624989999999999782e+03
2.626789999999999964e+03
2.628760000000000218e+03
2.630710000000000036e+03
2.632659999999999854e+03
2.634599999999999909e+03
2.636659999999999854e+03
2.638469999999999800e+03
2.640360000000000127e+03
2.642119999999999891e+03
2.643889999999999873e+03
2.645619999999999891e+03
2.647510000000000218e+03
2.649429999999999836e+03
2.651369999999999891e+03
2.653190000000000055e+03
2.654929999999999836e+03
2.656920000000000073e+03
2.658739999999999782e+03
2.660690000000000055e+03
2.662570000000000164e+03
2.664460000000000036e+03
2.666440000000000055e+03
2.668360000000000127e+03
2.670119999999999891e+03
2.672019999999999982e+03
2.673949999999999818e+03
2.675920000000000073e+03
2.677679999999999836e+03
2.679570000000000164e+03
2.681480000000000018e+03
2.683380000000000109e+03
2.685219999999999800e+03
2.686940000000000055e+03
2.688820000000000164e+03
2.690699999999999818e+03
2.692590000000000146e+03
2.694309999999999945e+03
2.711409999999999854e+03
2.712780000000000200e+03
2.714170000000000073e+03
2.715400000000000091e+03
2.717110000000000127e+03
2.719039999999999964e+03
2.721079999999999927e+03
2.723239999999999782e+03
2.724539999999999964e+03
2.726250000000000000e+03
2.727809999999999945e+03
2.729590000000000146e+03
2.731110000000000127e+03
2.732800000000000182e+03
2.734659999999999854e+03
2.736110000000000127e+03
2.737510000000000218e+03
2.739039999999999964e+03
2.740579999999999927e+03
2.742190000000000055e+03
2.743730000000000018e+03
2.745469999999999800e+03
2.746849999999999909e+03
2.748230000000000018e+03
2.749739999999999782e+03
2.751150000000000091e+03
2.752840000000000146e+03
2.754489999999999782e+03
2.754510000000000218e+03
2.755250000000000000e+03
2.755250000000000000e+03
2.772550000000000182e+03
2.774480000000000018e+03
2.776269999999999982e+03
2.778280000000000200e+03
2.780050000000000182e+03
2.781849999999999909e+03
2.783980000000000018e+03
2.785469999999999800e+03
2.787250000000000000e+03
2.789239999999999782e+03
2.791150000000000091e+03
2.793119999999999891e+03
2.794949999999999818e+03
2.796530000000000200e+03
2.798119999999999891e+03
2.800099999999999909e+03
2.801869999999999891e+03
2.803860000000000127e+03
2.805599999999999909e+03
2.807420000000000073e+03
2.809230000000000018e+03
2.810980000000000018e+03
2.812630000000000109e+03
2.814610000000000127e+03
2.816559999999999945e+03
2.818349999999999909e+03
2.820309999999999945e+03
2.822050000000000182e+03
2.824010000000000218e+03
2.825780000000000200e+03
2.827679999999999836e+03
2.829670000000000073e+03
2.831369999999999891e+03
2.833329999999999927e+03
2.835019999999999982e+03
2.836949999999999818e+03
2.838610000000000127e+03
2.840409999999999854e+03
2.842400000000000091e+03
2.844230000000000018e+03
2.845949999999999818e+03
2.847659999999999854e+03
2.849199999999999818e+03
2.851099999999999909e+03
2.853000000000000000e+03
2.855030000000000200e+03
2.856980000000000018e+03
2.858920000000000073e+03
2.860849999999999909e+03
2.862239999999999782e+03
2.864030000000000200e+03
2.865969999999999800e+03
2.867800000000000182e+03
2.869760000000000218e+03
2.871650000000000091e+03
2.873639999999999873e+03
2.875559999999999945e+03
2.877349999999999909e+03
2.878630000000000109e+03
2.880530000000000200e+03
2.882480000000000018e+03
2.884449999999999818e+03
2.886429999999999836e+03
2.888190000000000055e+03
2.890170000000000073e+03
2.891940000000000055e+03
2.893730000000000018e+03
2.895730000000000018e+03
2.897730000000000018e+03
2.899750000000000000e+03
2.901489999999999782e+03
2.903420000000000073e+03
2.905440000000000055e+03
2.907530000000000200e+03
2.909610000000000127e+03
2.911579999999999927e+03
2.913349999999999909e+03
2.915099999999999909e+03
2.916820000000000164e+03
2.918710000000000036e+03
2.920429999999999836e+03
2.922010000000000218e+03
2.923920000000000073e+03
2.925639999999999873e+03
2.927610000000000127e+03
2.929159999999999854e+03
2.930710000000000036e+03
2.932559999999999945e+03
2.934360000000000127e+03
2.935829999999999927e+03
2.937610000000000127e+03
2.939510000000000218e+03
2.941210000000000036e+03
2.942630000000000109e+03
2.944260000000000218e+03
2.945889999999999873e+03
2.947500000000000000e+03
2.949260000000000218e+03
2.950980000000000018e+03
2.952409999999999854e+03
2.953860000000000127e+03
2.955550000000000182e+03
2.957329999999999927e+03
2.959329999999999927e+03
2.961309999999999945e+03
2.963219999999999800e+03
2.965130000000000109e+03
2.967090000000000146e+03
2.969019999999999982e+03
2.970860000000000127e+03
2.972519999999999982e+03
2.974329999999999927e+03
2.976099999999999909e+03
2.978059999999999945e+03
2.979940000000000055e+03
2.981920000000000073e+03
2.983900000000000091e+03
2.985840000000000146e+03
2.987889999999999873e+03
2.989659999999999854e+03
2.991469999999999800e+03
2.993409999999999854e+03
2.995210000000000036e+03
2.996829999999999927e+03
2.998849999999999909e+03
3.000840000000000146e+03
3.002880000000000109e+03
3.004929999999999836e+03
3.006980000000000018e+03
3.008989999999999782e+03
3.011000000000000000e+03
3.013050000000000182e+03
3.015000000000000000e+03
3.017000000000000000e+03
3.018760000000000218e+03
3.020809999999999945e+03
3.022699999999999818e+03
3.024710000000000036e+03
3.026530000000000200e+03
3.028449999999999818e+03
3.030280000000000200e+03
3.032110000000000127e+03
3.034099999999999909e+03
3.036070000000000164e+03
3.038059999999999945e+03
3.040019999999999982e+03
3.041840000000000146e+03
3.043789999999999964e+03
3.045429999999999836e+03
3.047230000000000018e+03
3.049099999999999909e+03
3.051019999999999982e+03
3.052829999999999927e+03
3.054420000000000073e+03
3.056000000000000000e+03
3.057900000000000091e+03
3.059769999999999982e+03
3.061119999999999891e+03
3.062820000000000164e+03
3.064579999999999927e+03
3.066500000000000000e+03
3.068409999999999854e+03
3.070250000000000000e+03
3.071769999999999982e+03
3.073650000000000091e+03
3.075170000000000073e+03
3.076670000000000073e+03
3.078550000000000182e+03
3.080389999999999873e+03
3.081949999999999818e+03
3.083469999999999800e+03
3.085179999999999836e+03
3.086989999999999782e+03
3.088949999999999818e+03
3.090880000000000109e+03
3.092809999999999945e+03
3.094500000000000000e+03
3.096480000000000018e+03
3.098400000000000091e+03
3.100190000000000055e+03
3.102030000000000200e+03
3.103949999999999818e+03
3.105750000000000000e+03
3.107650000000000091e+03
3.109190000000000055e+03
3.110820000000000164e+03
3.112360000000000127e+03
3.113909999999999854e+03
3.115780000000000200e+03
3.117800000000000182e+03
3.119739999999999782e+03
3.121429999999999836e+03
3.123360000000000127e+03
3.125309999999999945e+03
3.126869999999999891e+03
3.128590000000000146e+03
3.130409999999999854e+03
3.132030000000000200e+03
3.134000000000000000e+03
3.135800000000000182e+03
3.137469999999999800e+03
3.139260000000000218e+03
3.141070000000000164e+03
3.142900000000000091e+03
3.144849999999999909e+03
3.146869999999999891e+03
3.148730000000000018e+03
3.150710000000000036e+03
3.152699999999999818e+03
3.154519999999999982e+03
3.156340000000000146e+03
3.158150000000000091e+03
3.160130000000000109e+03
3.162110000000000127e+03
3.164099999999999909e+03
3.166130000000000109e+03
3.168139999999999873e+03
3.170280000000000200e+03
3.172280000000000200e+03
3.174219999999999800e+03
3.176139999999999873e+03
3.178099999999999909e+03
3.180079999999999927e+03
3.182210000000000036e+03
3.184409999999999854e+03
3.186150000000000091e+03
3.188440000000000055e+03
3.190420000000000073e+03
3.192360000000000127e+03
3.194440000000000055e+03
3.196659999999999854e+03
3.198809999999999945e+03
3.200699999999999818e+03
3.202440000000000055e+03
3.204070000000000164e+03
3.206010000000000218e+03
3.207590000000000146e+03
3.209329999999999927e+03
3.211119999999999891e+03
3.212760000000000218e+03
3.214889999999999873e+03
3.217250000000000000e+03
3.219409999999999854e+03
3.221309999999999945e+03
3.223030000000000200e+03
3.224739999999999782e+03
3.226329999999999927e+03
3.228250000000000000e+03
3.230050000000000182e+03
3.231869999999999891e+03
3.233760000000000218e+03
3.235639999999999873e+03
3.237280000000000200e+03
3.239440000000000055e+03
3.241329999999999927e+03
3.243659999999999854e+03
3.245809999999999945e+03
3.247900000000000091e+03
3.250000000000000000e+03
3.252050000000000182e+03
3.253849999999999909e+03
3.255929999999999836e+03
3.257599999999999909e+03
3.259639999999999873e+03
3.261590000000000146e+03
3.263340000000000146e+03
3.265360000000000127e+03
3.267159999999999854e+03
3.269320000000000164e+03
3.271309999999999945e+03
3.273150000000000091e+03
3.274969999999999800e+03
3.276880000000000109e+03
3.278579999999999927e+03
3.280420000000000073e+03
3.282079999999999927e+03
3.283940000000000055e+03
3.285840000000000146e+03
3.287940000000000055e+03
3.289809999999999945e+03
3.292050000000000182e+03
3.294090000000000146e+03
3.295940000000000055e+03
3.297829999999999927e+03
3.299849999999999909e+03
3.302000000000000000e+03
3.303900000000000091e+03
3.305730000000000018e+03
3.307340000000000146e+03
3.309079999999999927e+03
3.310820000000000164e+03
3.312679999999999836e+03
3.314679999999999836e+03
3.316510000000000218e+03
3.318510000000000218e+03
3.320570000000000164e+03
3.322650000000000091e+03
3.324449999999999818e+03
3.326199999999999818e+03
3.327909999999999854e+03
3.329820000000000164e+03
3.331550000000000182e+03
3.333460000000000036e+03
3.335329999999999927e+03
3.336889999999999873e+03
3.338800000000000182e+03
3.340679999999999836e+03
3.342559999999999945e+03
3.344460000000000036e+03
3.346260000000000218e+03
3.347949999999999818e+03
3.349739999999999782e+03
3.351679999999999836e+03
3.353550000000000182e+03
3.355250000000000000e+03
3.357190000000000055e+03
3.358829999999999927e+03
3.360099999999999909e+03
3.361989999999999782e+03
3.363800000000000182e+03
3.365570000000000164e+03
3.367219999999999800e+03
3.369010000000000218e+03
3.370800000000000182e+03
3.372610000000000127e+03
3.374510000000000218e+03
3.376389999999999873e+03
3.378320000000000164e+03
3.380170000000000073e+03
3.381820000000000164e+03
3.383579999999999927e+03
3.385519999999999982e+03
3.387489999999999782e+03
3.389280000000000200e+03
3.391280000000000200e+03
3.393309999999999945e+03
3.395210000000000036e+03
3.397159999999999854e+03
3.398980000000000018e+03
3.400610000000000127e+03
3.402590000000000146e+03
3.404340000000000146e+03
3.406320000000000164e+03
3.408260000000000218e+03
3.410019999999999982e+03
3.411820000000000164e+03
3.413699999999999818e+03
3.415389999999999873e+03
3.417139999999999873e+03
3.419000000000000000e+03
3.420969999999999800e+03
3.422679999999999836e+03
3.424449999999999818e+03
3.426360000000000127e+03
3.428269999999999982e+03
3.430050000000000182e+03
3.431659999999999854e+03
3.433679999999999836e+03
3.435369999999999891e+03
3.437329999999999927e+03
3.439239999999999782e+03
3.440989999999999782e+03
3.442949999999999818e+03
3.444889999999999873e+03
3.446869999999999891e+03
3.448679999999999836e+03
3.450690000000000055e+03
3.452739999999999782e+03
3.454329999999999927e+03
3.456130000000000109e+03
3.457989999999999782e+03
3.459969999999999800e+03
3.461670000000000073e+03
3.463630000000000109e+03
3.465420000000000073e+03
3.467449999999999818e+03
3.469250000000000000e+03
3.471030000000000200e+03
3.472829999999999927e+03
3.474469999999999800e+03
3.476460000000000036e+03
3.478380000000000109e+03
3.480130000000000109e+03
3.481809999999999945e+03
3.483769999999999982e+03
3.485699999999999818e+03
3.487570000000000164e+03
3.489420000000000073e+03
3.491219999999999800e+03
3.493099999999999909e+03
3.494780000000000200e+03
3.496519999999999982e+03
3.498079999999999927e+03
3.499829999999999927e+03
3.501639999999999873e+03
3.503590000000000146e+03
3.505389999999999873e+03
3.507380000000000109e+03
3.509239999999999782e+03
3.511030000000000200e+03
3.513050000000000182e+03
3.514719999999999800e+03
3.516630000000000109e+03
3.518449999999999818e+03
3.520130000000000109e+03
3.522030000000000200e+03
3.523389999999999873e+03
3.525170000000000073e+03
3.526929999999999836e+03
3.528780000000000200e+03
3.530699999999999818e+03
3.532360000000000127e+03
3.534239999999999782e+03
3.536000000000000000e+03
3.537769999999999982e+03
3.539730000000000018e+03
3.541469999999999800e+03
3.543219999999999800e+03
3.544969999999999800e+03
3.546909999999999854e+03
3.548849999999999909e+03
3.550599999999999909e+03
3.552099999999999909e+03
3.553500000000000000e+03
3.555219999999999800e+03
3.556619999999999891e+03
3.558150000000000091e+03
3.560039999999999964e+03
3.561710000000000036e+03
3.563489999999999782e+03
3.565360000000000127e+03
3.567260000000000218e+03
3.569230000000000018e+03
3.571190000000000055e+03
3.572820000000000164e+03
3.574800000000000182e+03
3.576590000000000146e+03
3.578630000000000109e+03
3.580639999999999873e+03
3.582449999999999818e+03
3.584219999999999800e+03
3.586199999999999818e+03
3.587989999999999782e+03
3.589429999999999836e+03
3.591400000000000091e+03
3.593000000000000000e+03
3.594949999999999818e+03
3.597119999999999891e+03
3.599130000000000109e+03
3.600500000000000000e+03
