115
16
1 0 0 5 
16 0 5 5 
15 0 5 9 
7 0 9 9 
12 0 9 1 
7 0 1 5 
10 0 1 9 
10 0 9 1 
20 0 17 17 
10 0 17 17 
8 0 17 9 
18 0 17 17 
2 0 17 17 
6 0 1 1 
6 0 1 13 
17 0 9 0 
17 13 0 7 
12 11 7 12 
20 22 16 10 
22 20 7 11 
6 21 11 7 
6 12 18 16 
3 22 7 3 
22 22 3 21 
15 20 20 10 
7 16 22 14 
20 20 14 20 
19 19 20 19 
12 11 11 22 
8 4 12 12 
15 2 11 4 
13 9 19 0 
9 17 0 18 
19 16 4 7 
11 20 7 11 
4 22 11 10 
21 20 10 6 
11 6 6 18 
19 3 11 22 
20 2 11 15 
20 15 15 14 
19 7 14 21 
8 21 11 12 
4 3 12 22 
6 10 22 10 
16 3 10 4 
7 6 4 21 
9 13 21 0 
17 9 0 15 
11 19 15 7 
14 11 7 4 
4 14 3 6 
2 21 6 22 
10 12 22 8 
14 19 8 20 
21 20 16 15 
6 2 12 14 
11 3 6 3 
4 8 3 8 
11 19 8 4 
15 6 4 10 
11 12 10 7 
15 8 7 20 
1 9 20 0 
5 17 0 19 
18 11 19 7 
14 14 21 7 
7 4 7 18 
10 19 8 6 
22 10 11 16 
10 14 16 22 
21 21 22 14 
4 6 14 8 
16 11 11 15 
7 19 8 21 
22 15 21 15 
3 15 3 14 
12 11 14 21 
19 15 2 19 
5 1 8 0 
1 5 0 21 
12 10 21 14 
19 14 14 8 
19 7 11 3 
20 10 3 16 
22 22 16 20 
6 10 20 16 
22 21 16 7 
4 4 7 19 
10 16 19 10 
18 7 12 4 
10 14 4 11 
8 3 11 15 
19 12 15 4 
22 19 4 18 
1 5 18 0 
13 1 0 6 
6 12 18 6 
11 19 6 18 
12 19 6 7 
18 20 7 18 
3 22 18 18 
20 6 18 8 
22 22 21 8 
16 10 7 12 
3 3 20 12 
7 18 20 16 
19 10 16 21 
18 8 2 2 
3 19 15 20 
7 22 20 4 
1 5 4 0 
13 13 0 16 
7 6 16 16 
3 11 16 22 
21 12 22 3 
21 8 4 2 
7 3 2 20 
12 16 20 8 
4 22 8 4 
12 16 4 3 
2 3 7 3 
19 7 3 14 
3 7 14 22 
2 18 22 18 
12 3 18 18 
2 18 18 4 
5 13 4 0 
17 13 0 16 
19 7 16 14 
18 3 14 3 
10 4 3 22 
22 21 2 22 
16 7 22 18 
19 12 18 2 
15 18 2 19 
11 12 14 19 
16 2 7 21 
6 19 21 19 
3 8 19 14 
7 2 14 2 
12 12 2 8 
19 2 8 4 
17 5 15 0 
1 17 0 11 
15 19 11 6 
15 18 6 6 
3 10 6 8 
2 22 8 18 
22 16 18 4 
2 11 4 4 
12 15 4 4 
3 11 4 21 
8 16 21 14 
14 18 14 2 
11 3 2 8 
8 11 8 14 
6 16 14 10 
20 19 10 14 
9 17 2 0 
13 1 0 10 
14 15 10 12 
7 15 12 15 
12 3 15 18 
11 2 18 10 
15 22 10 8 
19 2 8 15 
10 12 15 10 
12 3 7 2 
22 8 2 20 
11 14 20 22 
12 21 15 4 
21 8 4 19 
21 6 19 18 
16 20 18 14 
5 9 4 0 
5 13 0 3 
4 14 3 18 
4 7 18 22 
15 12 22 14 
18 11 14 2 
19 15 2 14 
21 19 14 12 
16 10 12 10 
14 12 10 15 
11 22 15 18 
7 11 18 11 
10 12 11 11 
16 21 11 6 
7 16 6 20 
16 16 21 20 
9 5 19 0 
13 5 0 7 
20 4 7 19 
2 4 19 22 
19 15 22 20 
6 18 20 2 
2 6 18 2 
20 21 2 2 
7 16 2 3 
21 19 3 10 
6 11 10 16 
15 7 16 3 
20 10 3 19 
12 16 19 4 
8 7 4 6 
8 16 6 12 
13 9 12 0 
5 13 0 11 
8 20 11 12 
16 2 12 20 
21 19 20 15 
12 6 15 20 
4 2 20 16 
8 20 16 11 
6 7 11 21 
18 21 21 6 
3 6 6 18 
15 15 15 6 
22 20 6 2 
8 12 2 11 
21 8 14 12 
14 8 12 2 
13 13 2 0 
17 5 0 8 
15 8 8 6 
20 16 6 18 
8 21 18 21 
22 12 21 14 
22 4 14 10 
16 8 10 20 
14 6 20 4 
15 18 4 10 
10 3 2 10 
8 15 10 21 
21 22 21 3 
15 16 3 3 
2 21 3 21 
16 14 21 3 
17 13 8 0 
0 17 0 1 
0 15 1 5 
0 20 5 5 
0 8 5 5 
0 22 5 17 
0 22 17 13 
0 4 13 13 
0 14 13 9 
0 15 9 9 
0 10 9 13 
0 8 13 1 
0 21 1 9 
0 15 9 1 
0 2 1 1 
0 16 1 13 
0 17 9 0 