15 15
994

(6,1,0,72) (11,2,72,94) (4,4,96,111) (2,1,111,175) (14,4,184,210) (13,3,210,283) (8,6,283,335) (5,6,335,378) (5,7,378,410) (10,7,410,482) (6,8,494,508) (7,10,556,601) (2,9,601,691) (8,12,716,786) (3,13,827,888) (1,14,897,952) 
(15,1,0,70) (10,3,99,179) (5,4,200,215) (3,4,215,277) (1,6,298,373) (3,7,386,451) (5,9,469,511) (7,11,601,669) (4,12,694,722) (2,12,735,745) (13,13,787,859) (1,13,859,897) (11,15,897,994) 
(10,1,0,87) (7,2,87,169) (12,3,169,191) (11,4,191,237) (14,6,238,277) (14,7,277,357) (4,7,386,480) (8,9,515,563) (3,10,574,655) (4,10,655,679) (11,12,709,784) (10,13,784,799) (11,13,799,831) (13,14,859,911) (1,15,952,979) 
(5,1,0,97) (5,3,104,200) (9,6,200,282) (11,6,310,326) (12,6,326,403) (6,7,431,494) (7,9,500,556) (1,10,556,637) (6,10,637,654) (13,9,654,689) (13,10,689,743) (14,14,761,855) (6,14,916,921) (9,15,921,983) 
(7,1,0,15) (10,2,87,99) (13,2,99,182) (5,5,215,288) (4,6,288,386) (15,7,386,407) (15,8,407,425) (3,8,451,521) (12,8,521,557) (2,8,557,564) (8,11,656,716) (14,13,716,761) (9,13,761,820) (12,13,820,875) (8,14,875,898) (12,14,898,904) (3,15,916,994) 
(4,2,12,63) (9,4,107,130) (14,3,132,184) (14,5,210,238) (9,7,282,315) (10,6,315,405) (2,5,405,411) (2,6,411,463) (3,9,521,574) (14,11,574,622) (13,8,622,653) (7,12,669,720) (10,12,726,772) (7,14,772,799) (15,14,805,889) (10,15,889,981) 
(3,1,0,73) (10,4,179,229) (13,4,283,365) (7,7,375,474) (9,10,495,510) (4,8,510,522) (5,10,522,616) (11,11,655,709) (13,11,743,750) (3,12,750,827) (10,14,827,888) (14,15,888,984) 
(13,1,0,49) (4,3,63,96) (3,2,96,178) (3,3,178,201) (8,4,201,239) (7,5,243,315) (14,8,357,386) (9,8,386,431) (12,7,431,510) (10,8,510,534) (9,12,534,607) (14,12,622,680) (5,12,680,766) (9,14,820,857) (2,14,857,906) (12,15,906,936) 
(8,2,54,78) (14,2,98,132) (7,3,169,190) (12,5,200,247) (1,5,247,298) (15,5,299,313) (3,6,365,386) (7,8,474,500) (6,9,508,575) (10,9,575,589) (10,10,589,660) (2,11,712,735) (13,12,750,787) (12,12,812,819) (6,13,848,916) (6,15,921,970) 
(11,1,0,54) (5,2,97,104) (1,3,105,179) (7,4,190,243) (2,3,243,326) (7,6,326,375) (8,7,375,430) (2,7,463,535) (11,10,588,655) (2,10,691,712) (15,13,712,805) (8,13,805,828) (4,14,828,927) 
(9,1,0,12) (1,1,12,77) (1,2,77,105) (9,5,130,158) (15,4,232,299) (15,6,313,336) (1,7,373,446) (1,8,446,478) (8,8,478,515) (15,10,515,599) (12,9,599,629) (12,10,629,727) (4,13,727,733) (12,11,733,812) (2,13,812,851) (3,14,888,916) (4,15,927,968) 
(12,1,0,92) (8,3,92,106) (12,2,106,142) (15,3,142,232) (8,5,239,275) (6,4,275,288) (2,4,326,359) (11,8,359,453) (14,10,456,499) (9,11,510,519) (1,9,519,532) (4,9,532,574) (5,11,616,639) (15,12,647,683) (7,13,720,728) (6,11,728,813) (7,15,813,909) (8,15,909,992) 
(14,1,0,98) (15,2,98,115) (11,3,115,176) (2,2,176,229) (11,5,237,310) (13,5,365,447) (5,8,447,469) (15,9,469,512) (13,7,548,621) (15,11,621,647) (1,11,647,682) (10,11,682,726) (1,12,726,785) (5,14,844,868) (13,15,911,987) 
(8,1,0,54) (9,3,81,107) (4,5,111,183) (12,4,191,200) (1,4,200,233) (10,5,233,281) (6,5,288,332) (11,7,332,338) (14,9,386,456) (13,6,456,548) (8,10,563,656) (4,11,679,694) (5,13,766,844) (11,14,844,884) (15,15,889,931) 
(4,1,0,12) (9,2,12,81) (6,2,81,169) (6,3,169,262) (3,5,277,365) (6,6,365,431) (9,9,431,495) (11,9,495,588) (3,11,655,748) (6,12,813,848) (5,15,868,899) (2,15,906,978) 
