17
10
1 0 0 3 
9 0 3 2 
13 0 2 1 
8 0 1 3 
6 0 3 4 
12 0 4 4 
11 0 4 4 
5 0 4 2 
7 0 2 3 
1 0 3 0 
4 1 0 5 
10 9 6 6 
6 13 6 12 
9 8 12 6 
14 6 6 12 
7 12 12 5 
5 11 5 5 
13 5 5 11 
14 7 11 10 
2 1 10 0 
4 4 0 9 
11 10 9 14 
9 6 14 8 
14 9 8 12 
8 14 12 9 
9 7 9 8 
6 5 8 14 
14 13 14 5 
6 14 5 8 
3 2 8 0 
3 4 0 11 
10 11 11 6 
13 9 6 8 
14 14 8 11 
14 8 11 12 
6 9 12 10 
13 6 10 11 
12 14 11 10 
10 6 7 7 
1 3 7 0 
2 3 0 6 
5 10 8 8 
7 13 8 10 
9 14 6 13 
5 14 13 8 
8 7 8 8 
5 13 5 5 
12 12 5 13 
7 10 13 14 
2 1 14 0 
1 2 0 9 
6 5 9 9 
6 7 9 13 
13 9 13 12 
9 5 7 8 
7 8 8 9 
7 5 9 12 
8 12 12 10 
13 12 10 11 
2 2 11 0 
2 1 0 14 
11 6 14 13 
8 6 13 8 
7 13 8 7 
5 9 7 6 
7 7 6 14 
14 7 14 13 
12 6 13 13 
5 13 13 6 
2 2 6 0 
4 2 0 8 
5 11 11 5 
14 14 5 12 
6 7 12 7 
13 5 14 10 
10 7 10 11 
9 14 11 7 
9 12 11 9 
13 5 10 10 
4 2 10 0 
1 4 0 11 
8 5 11 10 
11 14 10 9 
12 6 6 10 
12 10 10 7 
8 10 7 11 
12 9 11 7 
11 9 7 5 
7 13 5 10 
4 4 10 0 
0 1 0 1 
0 13 1 3 
0 11 3 1 
0 12 1 3 
0 12 3 3 
0 8 3 3 
0 12 3 2 
0 11 2 4 
0 7 4 1 
0 4 1 0 