15 15
971

(6,1,0,72) (11,3,76,137) (6,2,137,225) (3,5,252,340) (5,6,340,383) (5,7,383,415) (12,7,415,494) (6,8,504,518) (15,9,518,561) (10,10,561,632) (10,11,632,676) (8,11,695,755) (10,13,755,770) (3,13,804,865) (1,14,865,920) 
(10,1,0,87) (10,3,99,179) (7,4,179,232) (12,6,248,325) (11,8,325,419) (2,7,427,499) (10,8,499,523) (5,10,523,617) (13,9,617,652) (7,12,695,746) (4,12,746,774) (10,14,774,835) (5,15,835,866) (11,15,866,963) 
(5,1,0,97) (3,3,155,178) (1,4,207,240) (14,6,259,298) (2,4,298,331) (7,6,331,380) (7,7,380,479) (15,8,479,497) (8,8,497,534) (4,7,534,628) (6,11,628,713) (15,12,713,749) (7,14,754,781) (4,14,781,880) (12,15,889,919) 
(13,3,132,205) (14,4,205,231) (14,5,231,259) (8,5,286,322) (3,7,361,426) (15,7,430,451) (14,10,477,520) (7,9,520,576) (7,10,576,621) (11,11,642,696) (14,14,696,790) (1,13,790,828) (12,13,828,883) (8,15,885,968) 
(11,2,54,76) (10,2,87,99) (14,2,99,133) (1,3,133,207) (8,3,207,221) (7,5,232,304) (11,7,304,310) (8,6,322,374) (9,7,374,407) (9,8,407,452) (5,8,452,474) (12,8,494,530) (1,11,621,656) (13,10,656,710) (1,12,710,769) (8,12,769,839) (8,14,862,885) (3,15,893,971) 
(4,1,0,12) (4,2,12,63) (5,2,97,104) (5,3,104,200) (10,4,200,250) (11,6,274,290) (1,6,331,406) (10,7,421,493) (3,9,500,553) (3,10,553,634) (15,11,666,692) (11,12,696,771) (11,13,771,803) (9,14,826,863) (10,15,863,955) 
(2,2,64,117) (13,4,205,287) (6,4,318,331) (10,6,331,421) (7,8,479,505) (14,11,520,568) (14,12,568,626) (4,8,628,640) (5,13,728,806) (8,13,839,862) (14,15,862,958) 
(2,1,0,64) (3,2,73,155) (11,4,155,201) (12,5,201,248) (8,4,248,286) (14,7,298,378) (14,8,378,407) (15,6,407,430) (3,8,430,500) (9,10,516,531) (8,9,534,582) (15,10,582,666) (2,10,666,687) (10,12,687,733) (12,11,733,812) (12,12,812,819) (3,14,865,893) (4,15,893,934) 
(13,2,49,132) (8,2,132,156) (15,2,173,190) (3,4,190,252) (9,5,252,280) (9,6,280,362) (6,6,375,441) (9,9,452,516) (2,8,516,523) (10,9,523,537) (2,9,537,627) (7,11,627,695) (2,12,718,728) (13,12,728,765) (13,13,765,837) (15,15,926,968) 
(11,1,0,54) (9,1,54,66) (7,2,66,148) (14,3,148,200) (9,4,200,223) (3,6,340,361) (15,5,389,403) (4,6,403,501) (1,9,511,524) (11,10,575,642) (5,12,642,728) (4,11,728,743) (15,13,749,842) (2,14,842,891) (9,15,891,953) 
(1,1,0,65) (9,2,66,135) (7,3,148,169) (15,3,190,280) (1,5,280,331) (13,6,369,461) (1,8,479,511) (9,11,531,540) (1,10,540,621) (14,13,626,671) (4,10,682,706) (13,11,710,717) (2,13,728,767) (9,13,767,826) (6,14,830,835) (13,15,889,965) 
(7,1,0,15) (12,1,15,107) (2,3,117,200) (5,4,200,215) (13,5,287,369) (14,9,407,477) (13,7,477,550) (12,9,550,580) (5,11,617,640) (4,9,640,682) (7,13,746,754) (6,13,762,830) (15,14,842,926) 
(14,1,0,98) (4,3,98,131) (12,2,131,167) (12,3,167,189) (11,5,201,274) (10,5,274,322) (15,4,322,389) (6,7,441,504) (6,9,518,585) (12,10,585,683) (9,12,683,756) (5,14,806,830) (13,14,837,889) (6,15,889,938) 
(13,1,0,49) (8,1,49,103) (15,1,103,173) (4,4,173,188) (12,4,189,198) (5,5,215,288) (4,5,288,360) (2,5,360,366) (1,7,406,479) (5,9,479,521) (13,8,550,581) (6,10,585,602) (8,10,602,695) (2,11,695,718) (3,12,727,804) (11,14,804,844) (12,14,883,889) (1,15,920,947) 
(3,1,0,73) (1,2,73,101) (9,3,135,161) (6,3,225,318) (6,5,331,375) (2,6,375,427) (8,7,427,482) (11,9,482,575) (3,11,634,727) (6,12,727,762) (4,13,774,780) (7,15,781,877) (2,15,891,963) 
