10 10
756

(5,1,0,91) (10,4,150,176) (4,2,176,253) (9,3,253,341) (10,7,341,385) (6,7,454,499) (9,7,499,592) (6,8,592,602) (9,9,641,710) 
(2,1,0,21) (10,3,82,150) (5,3,150,238) (5,4,238,255) (5,5,255,326) (7,5,347,446) (2,5,446,492) (1,8,492,511) (8,9,552,593) (5,10,593,600) (7,10,683,756) 
(6,1,0,8) (2,2,21,91) (3,2,91,128) (9,1,128,188) (8,4,272,324) (4,6,352,411) (7,6,446,473) (3,8,473,504) (2,6,504,569) (8,10,593,649) (10,10,649,733) 
(1,1,0,9) (7,3,162,260) (10,6,260,331) (9,4,341,353) (1,6,358,395) (5,8,435,515) (7,8,559,655) (6,9,655,709) 
(10,2,21,82) (6,2,82,91) (6,3,91,149) (1,4,157,197) (6,4,197,274) (3,7,326,415) (4,7,415,453) (7,7,473,559) (2,8,594,671) (6,10,709,745) 
(3,1,0,85) (8,2,95,187) (9,2,188,233) (6,5,274,303) (8,5,324,405) (1,7,405,411) (5,9,515,571) (10,9,571,604) (1,10,604,644) (2,9,671,726) (9,10,726,753) 
(8,1,0,95) (5,2,95,135) (3,3,135,175) (8,3,187,272) (4,4,314,322) (5,6,326,376) (8,6,405,437) (4,8,453,533) (9,8,592,641) (2,10,726,741) 
(7,2,70,162) (10,5,176,258) (4,3,258,314) (4,5,322,352) (2,4,352,416) (9,5,416,423) (10,8,423,522) (1,9,522,603) (4,10,603,700) 
(10,1,0,21) (1,2,21,102) (1,3,102,157) (3,4,175,199) (3,5,199,243) (3,6,243,326) (1,5,326,358) (6,6,358,454) (8,7,454,493) (2,7,569,594) (7,9,655,683) 
(7,1,0,70) (4,1,70,150) (2,3,150,215) (7,4,260,347) (5,7,376,435) (9,6,435,457) (8,8,493,552) (4,9,552,593) (3,9,593,677) (3,10,677,706) 
