92
16
1 0 0 5 
15 0 5 17 
8 0 17 9 
14 0 9 13 
21 0 13 9 
7 0 9 9 
20 0 9 1 
8 0 1 13 
16 0 13 1 
15 0 1 9 
12 0 9 1 
6 0 1 13 
18 0 17 17 
2 0 17 17 
10 0 17 17 
9 0 17 0 
1 1 0 6 
15 7 19 11 
8 21 11 12 
18 11 14 2 
14 11 22 20 
16 7 20 6 
12 19 6 7 
20 2 7 3 
16 10 10 19 
21 22 22 2 
21 20 2 2 
2 4 19 22 
21 21 22 14 
16 7 14 22 
8 2 11 3 
1 9 21 0 
13 1 0 6 
19 15 6 11 
16 8 12 6 
19 18 6 21 
12 14 21 8 
12 12 8 2 
8 12 2 11 
4 8 11 19 
12 16 19 4 
3 21 22 22 
20 4 22 7 
3 2 7 16 
3 21 16 14 
3 21 21 2 
19 15 2 19 
5 1 21 0 
17 13 0 7 
21 19 14 12 
10 16 12 7 
16 19 7 4 
15 12 4 4 
22 19 4 18 
20 8 12 11 
15 2 11 4 
21 12 4 15 
3 3 15 16 
12 20 2 16 
8 21 19 4 
6 3 4 14 
18 3 14 3 
7 19 3 11 
13 5 11 0 
13 17 0 22 
8 21 22 22 
11 10 22 4 
12 16 4 3 
3 15 3 14 
11 12 14 19 
15 20 19 3 
15 18 3 12 
18 18 12 3 
3 7 3 22 
11 12 22 11 
20 8 11 16 
21 6 21 18 
8 18 2 2 
3 7 2 3 
13 13 2 0 
9 13 0 19 
3 8 19 14 
4 11 14 10 
14 12 10 15 
3 8 15 11 
3 11 3 6 
15 15 15 6 
22 20 6 2 
2 18 2 6 
3 6 6 18 
7 11 20 11 
2 20 15 11 
16 21 11 6 
18 8 6 20 
7 18 20 16 
13 13 16 0 
13 9 0 10 
22 3 10 4 
8 4 8 3 
21 14 12 11 
7 10 11 12 
3 3 20 12 
7 15 12 15 
16 22 11 3 
2 10 3 10 
8 15 10 21 
16 7 21 22 
21 2 22 6 
16 16 7 6 
16 18 6 12 
15 10 12 10 
1 13 10 0 
13 13 0 4 
20 4 7 19 
15 8 19 2 
8 21 2 4 
4 7 14 11 
19 3 11 22 
11 7 22 20 
10 16 20 22 
20 2 22 8 
15 8 8 6 
14 8 6 4 
3 16 4 10 
20 16 10 6 
20 16 6 18 
4 12 18 7 
5 1 7 0 
17 13 0 16 
10 20 16 3 
7 15 3 16 
20 8 16 12 
15 4 12 19 
21 19 19 6 
7 11 6 21 
6 10 21 20 
15 20 20 10 
18 15 10 4 
6 14 4 20 
19 3 20 10 
6 15 10 4 
18 20 7 18 
4 7 18 7 
1 5 15 0 
1 17 0 11 
12 10 11 11 
11 7 11 18 
16 20 18 14 
2 12 14 8 
20 21 16 16 
19 7 16 14 
2 6 14 12 
20 15 12 6 
15 18 6 6 
12 6 6 18 
7 19 18 11 
18 6 11 19 
2 18 19 12 
8 4 12 12 
5 1 8 0 
1 1 0 2 
3 12 2 7 
16 2 7 21 
8 16 21 14 
7 2 14 2 
14 20 20 20 
21 19 20 15 
19 2 15 18 
21 20 16 15 
20 15 15 14 
10 12 15 14 
3 7 14 22 
2 18 22 18 
11 2 18 10 
6 8 10 19 
17 5 19 0 
5 1 0 4 
18 3 4 14 
6 16 14 10 
6 8 10 3 
19 7 3 14 
2 14 14 18 
8 21 18 21 
7 19 21 14 
7 21 14 14 
19 20 14 10 
12 10 10 16 
22 22 16 20 
4 2 20 16 
15 11 16 11 
18 6 11 6 
5 17 8 0 
13 5 0 7 
22 18 7 16 
11 6 16 10 
4 6 7 8 
20 19 19 19 
14 2 19 15 
14 8 8 11 
6 7 11 21 
19 7 21 8 
14 19 8 14 
10 12 14 21 
21 22 21 3 
21 4 3 11 
18 15 11 22 
18 18 22 3 
5 5 8 0 
5 13 0 3 
12 22 3 4 
2 11 4 4 
22 4 4 8 
7 20 8 15 
21 14 12 22 
10 14 22 4 
7 6 4 21 
10 19 21 16 
10 14 16 22 
6 10 22 10 
19 21 10 3 
12 21 3 22 
8 18 22 2 
4 18 2 18 
1 5 18 0 
17 5 0 22 
10 12 22 8 
19 2 8 4 
16 22 4 18 
4 7 18 22 
15 21 22 15 
8 10 15 22 
12 7 12 11 
22 10 11 16 
20 10 16 8 
18 6 2 20 
15 19 20 22 
15 12 22 14 
20 8 14 19 
4 4 7 19 
9 1 10 0 
0 17 0 1 
0 10 1 9 
0 19 9 5 
0 16 5 5 
0 4 5 9 
0 15 9 17 
0 8 17 13 
0 12 13 9 
0 2 9 17 
0 20 17 17 
0 18 17 9 
0 15 9 9 
0 15 9 5 
0 20 5 5 
0 4 5 13 
0 9 17 0 