98
16
17 0 0 9 
2 0 17 17 
21 0 13 9 
20 0 9 1 
15 0 5 1 
7 0 13 5 
3 0 5 13 
8 0 13 17 
10 0 17 17 
4 0 9 5 
10 0 13 9 
14 0 9 13 
16 0 13 13 
4 0 13 13 
19 0 9 13 
5 0 1 0 
17 9 0 8 
12 2 8 14 
7 21 14 14 
7 18 20 18 
10 15 12 14 
4 20 14 6 
22 20 6 2 
19 15 2 19 
14 12 19 21 
15 4 21 12 
6 7 16 16 
20 12 16 2 
15 18 3 12 
22 20 7 11 
20 2 22 8 
5 5 8 0 
5 17 0 15 
10 12 15 14 
19 7 14 21 
16 7 21 22 
16 10 22 20 
12 16 20 8 
14 22 7 16 
19 7 16 14 
4 7 14 11 
7 10 11 12 
21 6 19 18 
7 11 18 11 
18 15 11 22 
21 22 22 2 
3 21 22 22 
5 5 16 0 
1 5 0 8 
4 19 8 21 
21 6 21 18 
7 16 18 22 
20 16 22 22 
21 12 22 3 
4 14 3 6 
3 19 10 20 
7 22 20 4 
8 14 4 6 
19 21 6 19 
15 7 19 11 
12 10 11 11 
22 12 4 3 
14 3 3 18 
17 5 19 0 
1 1 0 6 
7 4 19 16 
21 20 16 16 
21 7 16 2 
12 14 2 6 
20 21 6 10 
10 19 21 16 
2 3 16 7 
8 21 19 7 
12 7 12 11 
14 19 3 8 
21 8 4 2 
12 12 2 8 
11 22 3 19 
2 4 19 22 
13 17 7 0 
5 1 0 18 
4 7 18 7 
11 21 7 6 
4 21 6 7 
15 12 7 15 
15 20 14 15 
19 10 16 10 
19 2 8 15 
6 8 15 8 
14 12 8 21 
22 14 21 21 
3 21 21 22 
8 21 22 22 
14 11 22 20 
4 2 20 16 
1 13 16 0 
13 5 0 4 
12 12 8 4 
10 11 4 22 
11 3 22 16 
14 10 16 6 
15 15 6 15 
3 19 15 20 
19 19 20 19 
8 6 19 10 
18 15 10 4 
4 22 8 4 
18 3 4 14 
20 8 14 19 
8 14 19 14 
22 4 14 10 
5 1 7 0 
17 13 0 16 
10 12 16 10 
15 10 12 10 
2 11 10 18 
3 12 18 18 
19 11 18 6 
11 3 6 3 
7 19 3 11 
12 8 11 2 
8 18 2 2 
3 4 12 16 
10 12 22 8 
6 20 8 18 
21 8 12 11 
3 22 18 18 
13 5 11 0 
13 17 0 22 
6 10 22 10 
20 15 10 20 
2 2 21 20 
16 3 20 10 
20 19 10 14 
12 11 14 21 
4 7 18 22 
11 12 22 11 
18 6 11 6 
6 3 18 6 
4 10 6 15 
18 6 12 6 
2 21 6 22 
12 3 7 2 
13 13 2 0 
1 13 0 8 
20 6 7 16 
8 20 16 11 
20 2 11 15 
3 16 15 7 
16 20 7 18 
4 12 18 7 
20 4 7 19 
11 6 19 15 
19 21 15 20 
18 6 20 16 
18 4 16 22 
8 18 22 2 
14 2 2 7 
19 12 7 6 
13 1 6 0 
13 1 0 6 
16 20 6 10 
16 8 10 20 
20 20 20 14 
15 3 14 3 
15 16 3 3 
10 4 3 16 
21 20 16 15 
4 11 15 2 
12 19 2 18 
22 18 18 2 
11 18 2 14 
16 8 14 21 
16 14 21 3 
21 19 3 10 
1 13 10 0 
9 13 0 12 
18 16 12 6 
21 16 6 11 
8 20 11 12 
20 15 12 6 
18 15 6 6 
3 10 6 8 
15 11 8 3 
10 4 3 22 
15 12 22 14 
11 8 14 8 
21 10 8 15 
22 16 10 14 
20 16 14 18 
8 21 18 21 
5 1 21 0 
5 9 0 19 
4 18 19 22 
14 21 22 12 
16 8 12 6 
2 20 6 18 
14 18 14 2 
21 3 2 21 
22 15 21 15 
8 10 15 22 
19 15 22 20 
7 11 20 11 
4 21 11 3 
3 22 7 3 
2 20 3 7 
15 8 7 20 
5 5 20 0 
17 5 0 8 
6 4 8 7 
3 14 7 19 
12 16 19 4 
11 2 4 4 
10 14 4 11 
6 21 11 7 
14 22 7 3 
4 8 3 8 
11 19 8 4 
19 7 4 4 
18 4 18 2 
11 3 2 8 
19 2 8 4 
12 15 4 4 
1 5 4 0 
17 17 0 18 
2 6 18 2 
10 3 2 10 
7 12 10 16 
15 11 16 11 
22 10 11 16 
11 6 16 10 
21 14 10 12 
15 4 12 19 
12 11 19 14 
15 19 14 2 
15 18 2 19 
18 11 19 7 
2 3 7 3 
20 12 3 3 
9 1 10 0 
0 17 0 1 
0 2 1 1 
0 10 1 9 
0 7 9 9 
0 15 9 5 
0 22 5 17 
0 11 17 1 
0 21 1 9 
0 15 9 1 
0 12 1 9 
0 15 9 9 
0 15 9 17 
0 18 17 9 
0 2 9 17 
0 20 17 17 
0 9 17 0 