10 10
756

(3,3,122,162) (9,3,185,273) (6,4,273,350) (1,5,350,382) (1,7,449,455) (8,7,455,494) (9,7,494,587) (6,8,587,597) (9,9,636,705) 
(1,2,9,90) (5,3,152,240) (9,4,273,285) (3,7,326,415) (6,7,475,520) (8,9,553,594) (5,10,594,601) (7,10,683,756) 
(3,1,0,85) (10,3,85,153) (2,2,153,223) (5,5,257,328) (6,5,350,379) (3,8,415,446) (7,7,473,559) (8,10,594,650) (10,10,650,734) 
(6,1,0,8) (7,2,70,162) (10,4,162,188) (8,3,188,273) (4,5,273,303) (10,6,303,374) (4,7,374,412) (1,6,412,449) (4,8,449,529) (7,8,559,655) (6,9,655,709) (3,10,709,738) 
(4,1,0,80) (9,1,80,140) (1,4,167,207) (6,3,207,265) (8,4,273,325) (5,6,328,378) (6,6,379,475) (8,8,494,553) (2,8,596,673) (6,10,709,745) 
(1,1,0,9) (3,2,85,122) (9,2,140,185) (3,5,191,235) (7,4,260,347) (7,5,347,446) (1,8,455,474) (5,9,517,573) (3,9,573,657) (2,10,728,743) 
(8,1,0,95) (6,2,95,104) (4,2,104,181) (5,4,240,257) (4,4,257,265) (8,5,325,406) (10,8,418,517) (9,8,587,636) (1,10,651,691) (9,10,705,732) 
(7,1,0,70) (8,2,95,187) (4,3,187,243) (3,6,243,326) (10,7,374,418) (7,6,446,473) (2,6,506,571) (10,9,571,604) (4,10,604,701) 
(10,1,0,21) (5,1,21,112) (1,3,112,167) (3,4,167,191) (10,5,191,273) (9,5,285,292) (4,6,303,362) (5,7,378,437) (5,8,437,517) (2,7,571,596) (7,9,655,683) 
(2,1,0,21) (10,2,21,82) (5,2,112,152) (7,3,162,260) (2,3,260,325) (2,4,325,389) (8,6,406,438) (9,6,438,460) (2,5,460,506) (4,9,529,570) (1,9,570,651) (2,9,673,728) 
