15 10
828

(12,1,0,68) (8,2,68,158) (10,4,158,210) (13,4,210,301) (10,5,301,389) (4,5,389,457) (12,6,457,472) (11,5,472,490) (11,6,490,528) (11,7,528,552) (1,8,552,650) (5,7,650,662) (10,8,662,686) (8,8,686,695) (8,9,695,767) (3,10,767,813) (11,10,813,822) 
(13,1,0,79) (2,2,79,152) (9,2,152,191) (9,3,191,265) (7,4,265,355) (3,4,355,362) (8,5,362,453) (8,6,453,491) (7,6,498,506) (5,5,506,576) (2,8,576,602) (12,7,602,674) (5,8,674,717) (4,9,741,752) (15,9,752,780) (15,10,780,828) 
(14,2,10,102) (7,2,102,193) (11,3,193,226) (9,4,265,290) (6,4,290,362) (3,5,362,417) (6,6,438,507) (9,7,507,570) (9,8,570,591) (7,8,591,666) (3,9,689,731) (7,9,731,768) (6,10,768,777) (8,10,777,826) 
(11,1,0,99) (3,2,99,192) (15,2,195,224) (6,3,224,283) (14,5,283,323) (13,5,323,363) (5,2,400,434) (14,6,434,506) (4,6,506,597) (13,9,628,717) (12,9,717,807) (1,10,807,826) 
(14,1,0,10) (10,1,10,68) (12,2,68,128) (4,2,128,171) (15,1,171,195) (4,3,195,294) (1,5,332,362) (2,4,362,385) (15,5,385,432) (9,6,432,484) (2,6,484,523) (7,7,523,573) (11,8,573,608) (6,8,608,653) (6,9,653,680) (12,8,680,698) (10,9,698,751) (4,10,752,824) 
(7,1,0,71) (10,2,71,76) (11,2,99,190) (14,3,190,213) (3,3,213,293) (8,4,293,324) (4,4,324,384) (3,6,417,478) (3,7,478,535) (2,7,535,548) (14,8,548,571) (5,6,576,650) (11,9,650,699) (15,8,705,713) (10,10,751,808) (12,10,808,826) 
(3,1,0,50) (9,1,50,85) (10,3,85,135) (12,3,135,212) (12,4,212,222) (14,4,222,268) (15,4,273,328) (9,5,328,375) (6,5,375,438) (5,3,438,478) (10,6,478,498) (1,7,501,539) (15,6,539,616) (2,9,616,683) (1,9,683,709) (9,9,709,744) (13,10,744,795) (7,10,795,812) 
(1,1,0,8) (2,1,8,27) (1,2,27,102) (6,2,102,151) (7,3,193,258) (1,4,258,332) (2,5,385,470) (13,7,470,542) (14,7,542,548) (13,8,548,628) (15,7,628,705) (2,10,705,714) (5,9,717,786) (5,10,786,816) 
(8,1,0,62) (13,2,79,139) (13,3,139,195) (8,3,195,293) (11,4,293,312) (12,5,312,372) (13,6,372,458) (1,6,458,501) (6,7,507,606) (4,7,606,617) (3,8,617,689) (14,9,689,784) (14,10,784,818) 
(6,1,0,60) (4,1,60,128) (1,3,128,200) (15,3,224,273) (2,3,273,316) (5,1,316,400) (7,5,400,498) (5,4,498,505) (10,7,505,573) (8,7,573,645) (4,8,645,741) (9,10,744,824) 
