15 15
980

(11,2,54,76) (13,2,76,159) (2,1,159,223) (12,5,236,283) (5,7,332,364) (12,7,364,443) (10,7,443,515) (11,10,515,582) (14,11,582,630) (2,11,649,672) (6,11,672,757) (7,14,757,784) (1,13,784,822) (8,13,823,846) (1,14,846,901) (12,15,901,931) 
(15,1,0,70) (11,3,76,137) (13,3,159,232) (2,2,232,285) (1,6,323,398) (2,6,407,459) (9,7,459,492) (10,8,515,539) (6,9,539,606) (13,9,632,667) (2,12,672,682) (4,9,711,753) (8,12,753,823) (12,13,823,878) (3,15,888,966) 
(4,2,12,63) (10,2,87,99) (8,4,99,137) (3,3,155,178) (12,3,205,227) (6,3,227,320) (6,4,320,333) (15,8,333,351) (13,5,354,436) (5,10,443,537) (3,10,548,629) (4,8,699,711) (11,13,711,743) (4,10,753,777) (4,13,820,826) (10,15,826,918) 
(1,2,77,105) (5,3,105,201) (14,6,238,277) (11,7,277,283) (12,6,283,360) (3,7,360,425) (6,7,443,506) (14,10,506,549) (11,11,582,636) (10,12,668,714) (11,14,743,783) (5,13,785,863) (8,15,883,966) 
(7,1,0,15) (9,2,15,84) (9,3,84,110) (4,4,120,135) (11,4,137,183) (10,4,183,233) (1,4,233,266) (15,5,272,286) (3,6,329,350) (7,6,350,399) (2,5,401,407) (11,9,411,504) (9,8,504,549) (13,8,601,632) (13,10,667,721) (1,12,721,780) (9,13,803,862) (7,15,862,958) 
(3,1,0,73) (14,3,132,184) (14,5,210,238) (4,5,238,310) (10,6,310,400) (15,10,400,484) (3,9,495,548) (9,9,549,613) (14,12,630,688) (10,13,714,729) (15,14,742,826) (6,14,860,865) (9,15,899,961) 
(6,1,0,72) (3,2,73,155) (8,5,155,191) (7,5,210,282) (5,6,289,332) (14,8,357,386) (7,7,399,498) (12,9,498,528) (2,8,531,538) (10,9,539,553) (12,10,553,651) (8,11,651,711) (13,11,721,728) (7,13,744,752) (4,11,777,792) (6,13,792,860) (5,14,863,887) (1,15,901,928) 
(10,1,0,87) (4,3,87,120) (12,2,169,205) (15,4,205,272) (13,4,272,354) (15,9,354,397) (3,8,425,495) (1,9,503,516) (13,7,528,601) (9,10,613,628) (2,10,628,649) (15,13,649,742) (12,12,742,749) (13,13,765,837) (9,14,862,899) (4,15,925,966) 
(14,2,98,132) (9,4,132,155) (7,4,157,210) (11,6,256,272) (1,5,272,323) (6,6,377,443) (1,8,471,503) (7,9,524,580) (7,11,625,693) (7,12,693,744) (4,12,792,820) (3,14,860,888) (2,15,888,960) 
(11,1,0,54) (7,2,54,136) (1,3,136,210) (8,6,210,262) (8,7,262,317) (11,8,317,411) (14,9,411,481) (6,8,506,520) (15,12,520,556) (7,10,580,625) (11,12,636,711) (14,13,711,756) (10,14,756,817) (2,14,817,866) (6,15,866,915) 
(9,1,0,12) (1,1,12,77) (12,1,77,169) (9,5,169,197) (5,4,201,216) (10,5,233,281) (15,6,286,309) (6,5,333,377) (4,6,377,475) (7,8,498,524) (1,10,524,605) (4,7,605,699) (5,12,699,785) (15,15,826,868) (14,15,868,964) 
(5,1,0,97) (10,3,99,179) (3,4,179,241) (2,3,285,368) (9,6,368,450) (2,7,459,531) (5,11,537,560) (10,11,624,668) (9,11,668,677) (3,12,722,799) (13,14,837,889) (5,15,889,920) 
(14,1,0,98) (15,2,98,115) (15,3,115,205) (12,4,227,236) (3,5,241,329) (8,8,329,366) (2,4,368,401) (5,9,401,443) (12,8,443,479) (15,11,484,510) (2,9,538,628) (12,11,651,730) (9,12,730,803) (4,14,826,925) 
(8,1,0,54) (8,2,54,78) (8,3,78,92) (5,2,97,104) (7,3,136,157) (14,4,184,210) (5,5,216,289) (15,7,309,330) (8,9,366,414) (13,6,436,528) (10,10,553,624) (1,11,624,659) (2,13,682,721) (13,12,728,765) (14,14,765,859) (12,14,878,884) (13,15,889,965) 
(4,1,0,12) (13,1,12,61) (6,2,72,160) (11,5,183,256) (14,7,277,357) (5,8,364,386) (1,7,398,471) (8,10,471,564) (6,10,606,623) (3,11,629,722) (6,12,757,792) (3,13,799,860) (8,14,860,883) (11,15,883,980) 
