83
16
17 0 0 9 
19 0 9 13 
21 0 13 9 
20 0 9 1 
15 0 1 9 
12 0 9 1 
8 0 1 5 
19 0 5 9 
16 0 13 13 
3 0 5 13 
6 0 13 1 
4 0 13 5 
8 0 5 5 
20 0 5 5 
18 0 5 1 
17 0 9 0 
1 17 0 11 
18 15 11 22 
8 21 22 22 
15 21 22 15 
6 21 18 21 
22 14 21 21 
21 22 21 3 
3 22 4 10 
11 12 14 19 
7 3 2 20 
12 11 8 21 
15 4 21 12 
7 6 12 19 
14 6 20 4 
22 4 4 8 
13 1 8 0 
13 1 0 10 
14 12 6 2 
22 8 2 20 
20 15 3 19 
18 6 12 6 
10 22 6 10 
3 21 22 22 
7 3 22 14 
12 11 14 21 
20 7 15 8 
14 12 8 21 
14 14 21 7 
14 21 7 19 
8 14 19 14 
19 22 18 4 
13 13 4 0 
17 13 0 7 
2 14 7 2 
18 6 2 20 
14 20 20 20 
7 18 20 16 
19 10 16 21 
11 3 21 4 
19 7 4 4 
15 12 4 4 
15 20 6 12 
8 2 12 12 
21 14 12 22 
3 4 22 12 
22 8 12 10 
3 19 10 20 
9 17 8 0 
5 17 0 19 
18 11 19 7 
22 18 7 16 
21 14 16 8 
8 11 8 14 
21 19 14 12 
2 11 12 8 
10 19 8 6 
19 15 6 11 
16 15 3 3 
4 8 19 2 
7 21 2 16 
2 3 16 7 
14 22 7 16 
19 4 16 12 
13 9 12 0 
9 5 0 4 
15 18 4 10 
19 21 10 3 
12 21 3 22 
10 8 22 15 
19 21 15 20 
15 2 11 4 
14 11 22 20 
19 19 20 19 
10 16 19 10 
22 4 10 11 
16 7 21 22 
21 2 22 6 
4 8 11 19 
8 20 19 14 
1 13 16 0 
17 9 0 15 
20 15 15 14 
7 19 14 16 
6 12 16 8 
21 10 8 15 
11 19 15 7 
6 15 15 15 
2 14 15 19 
7 4 19 16 
4 10 16 3 
3 22 7 3 
14 16 3 21 
18 21 21 8 
20 4 7 19 
15 8 19 2 
1 1 2 0 
13 17 0 22 
16 20 22 22 
14 10 22 16 
12 6 16 18 
6 21 18 19 
3 11 19 7 
4 6 7 8 
4 2 8 21 
19 7 21 8 
6 4 8 14 
15 3 14 3 
3 14 18 3 
18 18 12 3 
12 20 3 3 
7 15 3 16 
5 1 21 0 
5 13 0 11 
11 16 10 22 
12 14 15 10 
7 12 10 16 
7 6 16 16 
4 3 16 12 
15 4 12 19 
2 4 19 22 
3 19 22 11 
18 6 11 6 
18 15 6 6 
11 3 6 3 
15 18 3 12 
11 12 12 7 
18 7 7 4 
17 5 15 0 
13 5 0 7 
6 11 10 16 
20 12 16 2 
3 7 2 3 
19 7 3 14 
22 4 14 10 
6 15 10 4 
11 2 4 4 
18 3 4 14 
14 18 14 2 
11 18 2 14 
4 11 14 10 
20 15 10 20 
7 11 20 22 
18 18 22 3 
17 17 10 0 
9 13 0 14 
8 6 3 10 
21 20 10 6 
6 3 18 6 
11 19 6 18 
18 22 2 18 
20 6 18 8 
3 11 8 2 
15 18 2 19 
10 14 19 20 
10 16 20 22 
20 4 22 7 
18 20 7 18 
4 7 18 22 
15 12 22 14 
5 17 22 0 
17 9 0 2 
18 8 2 22 
22 21 2 22 
2 6 22 20 
15 11 20 2 
8 18 2 2 
16 20 18 14 
8 3 14 19 
19 15 2 19 
16 10 12 10 
12 10 10 15 
22 20 15 19 
2 18 19 12 
8 4 12 12 
7 15 12 15 
1 5 15 0 
17 17 0 18 
2 18 18 4 
16 22 4 18 
11 2 18 10 
14 15 10 12 
14 8 12 2 
20 16 2 4 
21 8 4 19 
21 19 19 6 
21 16 6 11 
11 12 22 11 
16 22 11 3 
7 2 3 12 
20 8 12 11 
11 7 11 18 
13 1 6 0 
17 17 0 20 
2 2 21 20 
12 16 20 8 
15 11 8 3 
4 14 3 6 
10 14 6 16 
8 20 16 11 
6 21 11 7 
11 21 7 6 
4 21 6 7 
12 11 7 10 
3 16 10 20 
16 7 20 6 
16 20 6 10 
11 11 12 10 
9 13 10 0 
17 17 0 2 
6 2 2 18 
4 12 18 7 
8 15 6 8 
8 4 8 3 
2 10 3 10 
16 8 10 20 
18 6 20 16 
15 11 16 11 
7 4 11 14 
10 12 14 21 
21 3 2 21 
15 16 21 20 
16 16 21 20 
7 11 20 11 
1 9 10 0 
0 17 0 1 
0 6 1 1 
0 4 1 5 
0 8 5 17 
0 8 17 13 
0 2 13 13 
0 16 13 17 
0 18 17 9 
0 15 9 9 
0 7 9 9 
0 10 9 1 
0 21 1 9 
0 15 9 5 
0 16 5 5 
0 7 5 1 
0 1 5 0 