85
16
9 0 0 17 
15 0 17 9 
14 0 9 13 
10 0 13 9 
4 0 9 5 
8 0 5 5 
16 0 5 5 
4 0 5 1 
7 0 1 5 
19 0 5 9 
11 0 5 13 
16 0 13 13 
21 0 13 9 
21 0 9 1 
21 0 1 5 
5 0 1 0 
1 9 0 10 
19 19 20 19 
10 20 19 3 
14 3 3 18 
14 4 18 3 
7 3 3 2 
14 18 14 2 
18 8 2 22 
4 10 22 3 
14 16 3 21 
10 3 8 6 
18 8 6 20 
6 21 18 21 
20 18 18 7 
6 2 2 18 
1 5 18 0 
9 1 0 12 
4 19 12 16 
6 7 16 16 
10 14 6 16 
19 10 16 10 
12 7 12 11 
19 14 11 12 
22 3 12 21 
2 4 21 8 
12 12 8 4 
14 10 4 22 
18 18 22 3 
12 6 16 18 
11 4 10 14 
4 6 7 8 
13 1 8 0 
17 9 0 2 
11 15 2 20 
11 6 16 10 
12 10 10 16 
21 19 20 15 
19 12 15 4 
7 19 4 4 
16 22 4 18 
2 2 18 8 
3 12 2 7 
3 14 7 19 
8 21 19 7 
19 12 7 6 
21 11 6 7 
21 4 7 6 
5 13 4 0 
13 17 0 8 
3 11 8 2 
16 11 11 15 
10 12 15 14 
7 21 14 14 
7 19 14 16 
18 7 16 20 
15 20 20 10 
12 10 10 15 
15 3 14 3 
6 3 3 11 
12 8 11 2 
7 19 3 11 
18 15 19 2 
20 21 2 2 
17 5 19 0 
1 13 0 6 
14 8 6 4 
3 16 4 10 
2 11 10 18 
4 7 18 7 
11 20 7 11 
14 2 11 18 
11 15 3 8 
12 12 8 2 
8 15 2 19 
8 6 19 10 
8 22 10 12 
18 7 12 4 
22 18 4 7 
4 20 7 22 
17 17 18 0 
5 1 0 15 
12 14 15 10 
21 3 22 22 
4 2 22 19 
18 11 19 7 
22 11 19 3 
22 14 3 7 
12 11 7 10 
7 12 10 16 
20 8 16 12 
21 8 12 11 
4 8 11 19 
6 18 19 11 
15 2 11 4 
8 4 8 3 
9 17 8 0 
17 5 0 8 
14 12 8 21 
3 21 21 2 
4 4 2 11 
18 11 11 7 
3 22 7 3 
16 15 3 3 
16 12 3 4 
11 7 22 20 
14 20 20 20 
6 21 18 19 
7 4 19 16 
15 7 16 3 
20 15 3 19 
4 8 19 2 
1 9 20 0 
17 17 0 2 
2 14 7 2 
10 3 2 10 
15 19 19 2 
4 18 2 18 
6 3 18 6 
20 16 6 18 
7 16 18 22 
14 11 22 20 
18 14 20 16 
10 6 16 20 
3 7 20 2 
7 16 2 3 
12 20 3 3 
21 4 3 11 
17 1 11 0 
13 17 0 22 
20 2 22 8 
21 10 8 15 
21 15 15 22 
18 4 22 19 
11 6 19 15 
15 20 14 15 
20 7 15 8 
19 14 8 3 
15 18 3 12 
19 21 12 14 
12 22 14 21 
11 7 21 6 
6 12 18 6 
20 21 6 10 
13 17 7 0 
17 13 0 16 
21 20 16 16 
22 21 2 22 
8 21 22 22 
2 18 22 18 
6 11 18 6 
15 15 6 15 
22 20 15 19 
21 19 19 6 
8 15 6 8 
14 19 8 14 
2 12 14 8 
8 11 8 14 
3 6 14 4 
12 15 4 4 
13 13 4 0 
17 17 0 10 
19 21 10 3 
12 22 3 4 
21 8 4 19 
14 2 19 15 
6 6 15 18 
20 2 18 6 
10 22 6 10 
22 16 10 14 
20 8 14 19 
21 14 19 7 
16 2 7 21 
21 8 21 18 
12 3 18 18 
19 12 18 2 
13 13 2 0 
5 17 0 15 
11 19 15 7 
15 12 7 15 
20 21 15 16 
22 14 16 7 
20 6 7 16 
8 20 16 11 
12 10 11 11 
21 22 7 16 
10 20 16 3 
22 21 3 21 
8 16 21 14 
21 21 22 14 
10 12 14 21 
10 19 21 16 
1 13 16 0 
17 5 0 22 
16 11 22 10 
18 15 10 4 
16 20 4 2 
20 22 2 6 
15 20 6 12 
20 8 12 11 
11 12 22 11 
16 21 11 6 
4 10 6 15 
14 22 15 12 
16 8 12 6 
2 21 6 22 
11 10 22 4 
4 20 19 7 
9 9 7 0 
17 17 0 20 
10 16 20 22 
15 18 22 11 
7 4 11 14 
19 20 14 10 
15 22 10 8 
10 20 8 16 
3 11 16 22 
20 16 22 22 
8 4 22 4 
6 14 4 20 
2 16 20 12 
6 2 12 14 
12 11 14 21 
15 4 21 12 
17 9 18 0 
0 17 0 1 
0 10 1 9 
0 15 9 5 
0 7 5 13 
0 19 13 9 
0 15 9 1 
0 10 1 13 
0 3 13 5 
0 20 5 5 
0 8 5 1 
0 6 1 1 
0 2 1 1 
0 6 1 13 
0 12 13 9 
0 15 9 9 
0 17 9 0 