64
16
17 0 0 9 
18 0 9 17 
2 0 17 17 
10 0 17 17 
7 0 17 13 
16 0 13 13 
2 0 13 13 
4 0 13 5 
15 0 5 17 
20 0 17 17 
16 0 17 13 
4 0 13 13 
6 0 13 1 
8 0 1 13 
21 0 13 9 
17 0 9 0 
5 17 0 19 
6 7 19 12 
21 3 14 16 
19 10 16 21 
19 7 21 8 
3 11 8 2 
6 2 2 18 
14 4 18 3 
20 15 3 19 
19 20 19 19 
15 8 19 2 
8 4 2 19 
8 6 19 10 
12 8 11 2 
20 21 2 2 
9 17 15 0 
5 5 0 8 
20 6 7 16 
22 21 16 7 
16 19 7 4 
7 19 4 20 
22 22 20 16 
12 6 16 18 
21 14 16 8 
6 20 8 18 
7 19 18 11 
18 15 10 4 
4 8 4 22 
10 8 22 15 
10 12 15 14 
20 20 14 20 
1 9 20 0 
17 5 0 8 
18 20 7 18 
3 22 18 18 
20 16 18 7 
18 7 7 4 
16 22 4 18 
15 12 4 4 
2 11 4 4 
6 14 4 20 
3 7 20 2 
8 18 2 2 
22 8 2 20 
14 10 20 19 
22 11 19 3 
8 20 19 14 
9 1 15 0 
13 17 0 8 
21 18 8 21 
22 12 21 14 
10 20 8 16 
6 18 16 20 
2 16 20 12 
7 15 12 15 
19 2 15 18 
6 6 18 15 
10 12 15 10 
6 8 10 3 
12 22 3 4 
11 14 4 7 
14 22 7 16 
20 8 16 12 
13 9 12 0 
5 13 0 3 
22 21 3 21 
22 22 21 8 
19 14 8 3 
18 6 2 20 
12 2 8 14 
21 7 14 14 
7 19 14 3 
21 19 3 10 
22 10 10 6 
12 6 6 18 
4 12 18 7 
11 3 7 19 
8 14 19 14 
15 20 21 19 
1 13 16 0 
13 5 0 7 
6 22 21 2 
20 22 2 6 
11 19 6 18 
22 18 18 2 
19 12 18 2 
8 21 2 4 
8 7 4 6 
4 21 6 7 
3 22 7 3 
20 12 3 3 
21 4 3 11 
20 11 11 7 
6 12 20 15 
15 15 15 6 
1 1 6 0 
9 13 0 14 
22 4 14 10 
4 8 3 8 
12 11 8 21 
14 22 21 21 
7 19 21 14 
21 8 14 12 
4 8 12 12 
3 4 12 16 
16 3 10 4 
8 20 11 12 
14 21 12 10 
21 20 10 6 
11 6 6 18 
11 15 3 8 
5 1 8 0 
17 9 0 8 
2 22 8 18 
18 4 18 2 
3 12 18 18 
3 14 18 3 
16 7 3 2 
22 21 2 22 
18 4 22 19 
11 6 19 15 
16 16 7 6 
14 8 6 4 
10 14 4 11 
14 21 11 12 
11 11 12 10 
22 20 10 16 
5 5 16 0 
1 17 0 11 
15 2 11 4 
22 18 4 7 
2 3 7 3 
14 3 3 15 
11 16 15 11 
20 22 11 7 
22 18 7 16 
6 11 16 21 
16 16 21 20 
11 14 20 22 
4 10 22 3 
7 2 3 12 
22 11 12 11 
16 22 11 3 
13 5 11 0 
9 1 0 10 
22 15 21 15 
14 22 15 12 
6 2 12 14 
2 14 14 18 
22 11 18 15 
10 20 15 20 
7 22 20 4 
15 6 4 10 
20 16 10 6 
21 11 6 7 
4 4 7 19 
15 7 19 11 
4 22 11 10 
12 10 8 22 
17 13 22 0 
9 9 0 7 
14 22 7 3 
4 14 3 6 
3 6 6 18 
11 2 18 10 
3 10 10 2 
21 3 2 21 
11 7 21 6 
8 15 6 8 
7 20 8 15 
20 21 15 16 
19 4 16 12 
4 15 12 21 
19 4 21 8 
12 12 8 2 
5 17 22 0 
9 9 0 15 
2 14 15 19 
2 4 19 22 
21 3 22 22 
16 11 22 10 
7 12 10 16 
2 4 16 20 
16 11 20 8 
14 8 8 11 
11 7 11 18 
16 20 18 14 
21 19 14 12 
15 4 12 19 
15 19 19 2 
14 12 10 15 
9 5 15 0 
17 9 0 2 
14 2 2 7 
16 2 7 21 
18 21 21 6 
8 16 6 12 
10 7 12 11 
20 2 11 15 
3 16 15 7 
16 14 7 19 
12 11 19 14 
15 16 3 3 
12 21 3 22 
19 15 22 20 
14 15 20 15 
10 14 16 22 
5 9 4 0 
17 17 0 18 
2 14 18 11 
10 16 11 6 
19 18 6 21 
15 8 21 10 
12 10 10 16 
10 20 16 3 
6 3 3 11 
4 8 11 19 
7 12 11 12 
18 15 12 3 
20 10 3 19 
21 19 19 6 
10 14 6 16 
19 10 16 10 
1 5 18 0 
0 17 0 1 
0 2 1 1 
0 10 1 13 
0 19 13 9 
0 10 9 1 
0 12 1 9 
0 10 9 13 
0 6 13 1 
0 4 1 5 
0 7 5 1 
0 15 1 5 
0 20 5 5 
0 21 5 1 
0 21 1 9 
0 19 9 5 
0 1 5 0 