15 15
989

(11,2,54,76) (13,2,76,159) (5,4,228,243) (9,4,243,266) (13,4,266,348) (13,5,348,430) (8,10,430,523) (12,9,558,588) (12,10,588,686) (1,11,686,721) (2,13,721,760) (6,12,795,830) (12,13,830,885) (1,14,885,940) (4,15,943,984) 
(15,1,0,70) (8,2,70,94) (4,4,120,135) (13,3,159,232) (12,4,232,241) (12,5,241,288) (12,6,288,365) (9,6,365,447) (1,8,488,520) (2,8,547,554) (7,10,585,630) (2,11,665,688) (6,10,688,705) (7,12,705,756) (3,13,799,860) (6,14,898,903) 
(4,2,12,63) (10,2,87,99) (11,4,137,183) (7,5,211,283) (14,7,283,363) (15,8,363,381) (2,4,381,414) (14,9,414,484) (3,10,548,629) (5,11,639,662) (11,13,730,762) (4,12,802,830) (7,14,830,857) (10,15,857,949) (12,15,949,979) 
(1,2,77,105) (3,3,155,178) (11,6,256,272) (11,7,272,278) (1,5,289,340) (5,7,359,391) (3,8,425,495) (6,7,495,558) (14,10,558,601) (11,11,601,655) (10,12,655,701) (2,12,701,711) (11,14,762,802) (4,13,830,836) (1,13,836,874) (13,15,911,987) 
(7,1,0,15) (9,2,15,84) (8,3,94,108) (15,3,115,205) (9,3,205,231) (15,5,277,291) (15,7,314,335) (11,8,335,429) (13,6,430,522) (9,7,522,555) (9,8,555,600) (13,8,600,631) (9,10,674,689) (8,11,689,749) (1,12,749,808) (9,13,831,890) (7,15,890,986) 
(3,1,0,73) (11,3,76,137) (7,3,137,158) (2,1,158,222) (10,4,222,272) (4,5,272,344) (1,7,415,488) (3,9,495,548) (1,9,548,561) (6,9,572,639) (14,12,687,745) (10,13,745,760) (15,14,760,844) (4,14,844,943) 
(6,1,0,72) (3,2,73,155) (7,4,158,211) (3,5,240,328) (14,8,363,392) (12,7,392,471) (7,8,503,529) (5,10,545,639) (14,11,639,687) (13,11,743,750) (7,13,756,764) (13,13,787,859) (8,14,869,892) (3,15,892,970) 
(10,1,0,87) (4,3,87,120) (8,4,120,158) (14,4,184,210) (3,6,328,349) (8,9,381,429) (10,7,429,501) (10,8,501,525) (13,7,525,598) (2,10,644,665) (15,13,665,758) (9,12,758,831) (2,14,831,880) (8,15,892,975) 
(14,2,98,132) (5,3,132,228) (6,3,228,321) (1,6,340,415) (15,10,424,508) (10,9,525,539) (10,10,539,610) (9,9,610,674) (12,11,686,765) (12,12,765,772) (10,14,772,833) (15,15,844,886) (1,15,940,967) 
(11,1,0,54) (7,2,54,136) (1,3,136,210) (15,4,210,277) (2,3,277,360) (3,7,360,425) (15,11,508,534) (11,10,534,601) (7,11,630,698) (4,8,698,710) (6,11,710,795) (8,13,846,869) (9,14,890,927) (9,15,927,989) 
(9,1,0,12) (1,1,12,77) (12,1,77,169) (3,4,178,240) (14,6,240,279) (5,6,316,359) (15,9,381,424) (4,6,424,522) (7,9,529,585) (4,7,585,679) (9,11,689,698) (4,9,710,752) (4,10,752,776) (8,12,776,846) (3,14,860,888) (14,15,888,984) 
(5,1,0,97) (10,3,99,179) (8,5,179,215) (2,2,222,275) (15,6,291,314) (10,6,327,417) (2,5,417,423) (2,6,423,475) (6,8,558,572) (15,12,572,608) (3,11,629,722) (3,12,722,799) (6,13,830,898) (5,15,935,966) 
(14,1,0,98) (15,2,98,115) (12,2,169,205) (12,3,205,227) (8,6,227,279) (10,5,279,327) (9,5,327,355) (7,6,355,404) (11,9,429,522) (12,8,522,558) (1,10,561,642) (11,12,655,730) (5,12,730,816) (13,14,859,911) (5,14,911,935) (6,15,935,984) 
(8,1,0,54) (5,2,97,104) (14,3,132,184) (14,5,210,238) (5,5,243,316) (6,4,321,334) (6,5,334,378) (7,7,404,503) (5,9,503,545) (2,9,554,644) (13,12,750,787) (4,11,787,802) (5,13,816,894) (2,15,894,966) 
(4,1,0,12) (13,1,12,61) (6,2,72,160) (11,5,183,256) (1,4,256,289) (8,7,289,344) (8,8,344,381) (6,6,381,447) (5,8,447,469) (2,7,475,547) (10,11,610,654) (13,9,654,689) (13,10,689,743) (14,13,745,790) (14,14,790,884) (12,14,885,891) (11,15,891,988) 
