69
16
17 0 0 9 
10 0 9 1 
8 0 1 13 
4 0 13 5 
3 0 5 13 
8 0 13 17 
8 0 17 5 
19 0 5 9 
21 0 9 1 
6 0 1 1 
7 0 1 5 
19 0 5 17 
8 0 17 9 
19 0 9 13 
10 0 13 1 
5 0 1 0 
9 17 0 18 
22 2 18 8 
14 8 8 11 
4 21 11 3 
22 3 3 7 
15 8 7 20 
11 12 20 8 
4 19 8 21 
3 21 21 22 
14 22 21 21 
6 7 21 4 
12 19 4 15 
3 8 15 11 
15 19 11 6 
3 10 6 8 
5 5 8 0 
9 9 0 15 
14 22 15 12 
10 14 6 16 
19 4 16 12 
14 21 12 10 
14 15 10 12 
22 11 12 11 
4 4 11 2 
7 3 2 20 
20 14 20 20 
10 6 20 21 
11 12 21 8 
6 4 8 7 
7 4 7 18 
4 10 18 15 
17 5 15 0 
9 9 0 7 
3 14 7 19 
3 10 19 21 
10 19 21 16 
21 14 16 8 
19 14 8 3 
22 22 21 8 
8 4 8 3 
16 7 3 2 
12 20 2 16 
19 10 16 10 
6 11 18 6 
12 6 6 18 
4 7 18 22 
20 4 22 7 
13 17 7 0 
13 9 0 10 
22 3 10 4 
6 3 4 14 
15 10 14 12 
8 21 12 14 
21 19 14 12 
2 8 12 12 
22 8 12 10 
22 16 10 14 
2 12 14 8 
11 19 8 4 
15 6 4 10 
7 12 10 16 
2 4 16 20 
15 20 20 10 
13 13 16 0 
5 13 0 11 
20 22 11 7 
21 6 7 11 
7 15 11 19 
15 8 8 6 
2 21 6 22 
4 2 22 19 
14 22 7 3 
11 22 3 19 
14 2 19 15 
11 11 12 10 
10 15 10 12 
10 7 12 11 
15 2 11 4 
12 15 4 4 
13 13 4 0 
9 5 0 4 
22 19 4 18 
6 21 18 19 
19 19 19 20 
16 15 20 21 
21 2 21 3 
10 4 3 16 
22 14 16 7 
14 11 7 4 
21 14 12 11 
20 11 11 7 
20 10 16 8 
21 10 8 15 
12 15 15 7 
19 12 7 6 
1 13 6 0 
1 9 0 15 
15 22 15 21 
15 6 15 15 
2 19 15 19 
14 16 19 7 
6 14 4 20 
19 14 20 8 
16 22 4 18 
2 14 18 11 
11 15 11 16 
6 20 16 7 
12 3 7 2 
8 21 2 4 
22 12 4 3 
7 19 3 11 
1 1 2 0 
9 1 0 20 
21 12 4 15 
20 15 15 14 
3 2 3 7 
11 21 7 6 
3 6 6 18 
7 19 18 11 
20 16 6 18 
11 2 18 10 
20 19 10 14 
4 6 14 8 
12 12 8 4 
2 19 4 8 
14 19 8 14 
19 7 14 21 
5 1 21 0 
13 9 0 21 
18 21 21 8 
6 20 8 18 
22 3 18 18 
22 11 18 15 
3 3 15 16 
4 7 16 19 
15 20 19 3 
3 11 3 6 
16 20 6 10 
22 4 10 11 
7 12 11 12 
18 2 12 19 
21 19 19 6 
11 19 6 18 
1 5 18 0 
13 13 0 2 
15 18 2 19 
10 6 10 22 
21 22 22 2 
18 22 2 18 
12 3 18 18 
18 4 18 2 
8 15 2 19 
20 15 19 21 
16 16 21 20 
18 14 20 16 
18 7 16 20 
7 18 20 18 
6 21 18 21 
3 22 21 12 
5 1 8 0 
9 13 0 12 
20 15 12 6 
16 10 6 11 
16 22 11 3 
3 18 3 14 
22 12 21 14 
3 18 14 4 
4 8 4 22 
16 20 22 22 
11 16 8 20 
6 18 20 2 
21 20 2 2 
2 7 2 14 
2 6 14 12 
3 3 12 20 
5 5 20 0 
17 9 0 15 
2 20 15 11 
19 14 11 12 
18 16 12 6 
10 3 2 10 
11 4 10 14 
21 7 14 14 
22 4 14 10 
10 16 10 12 
2 11 12 8 
12 6 8 16 
22 21 16 7 
12 4 7 18 
14 2 18 14 
21 3 14 16 
5 5 16 0 
17 17 0 18 
2 2 18 8 
10 19 8 6 
15 18 6 6 
21 16 6 11 
18 11 11 7 
20 4 7 19 
20 22 19 15 
8 10 15 22 
20 2 22 8 
7 19 8 21 
22 22 21 3 
16 12 3 4 
7 19 4 4 
3 12 18 15 
1 5 15 0 
17 17 0 20 
12 16 20 8 
15 3 14 3 
7 15 3 16 
21 7 16 2 
2 18 2 6 
22 20 6 2 
10 20 19 3 
2 8 3 11 
22 20 11 14 
6 7 16 16 
20 22 16 10 
11 16 10 22 
16 7 22 18 
16 3 20 10 
9 1 10 0 
0 17 0 1 
0 12 1 9 
0 15 9 5 
0 7 5 13 
0 6 13 1 
0 4 1 5 
0 22 5 17 
0 10 17 17 
0 2 17 17 
0 22 17 13 
0 14 13 9 
0 2 9 17 
0 11 17 1 
0 16 1 13 
0 16 13 17 
0 9 17 0 