14
9
2 0 0 2 
7 0 2 3 
7 0 3 2 
13 0 2 4 
6 0 4 4 
5 0 4 4 
11 0 4 1 
10 0 1 2 
1 0 2 0 
2 2 0 9 
13 7 9 9 
7 12 9 7 
13 13 7 8 
5 6 8 7 
5 5 11 13 
12 11 13 6 
5 10 6 9 
2 1 9 0 
3 2 0 11 
5 13 11 7 
11 7 7 11 
10 13 11 8 
6 5 8 7 
11 5 7 12 
10 12 12 11 
7 6 11 12 
2 2 12 0 
4 3 0 12 
10 5 12 11 
13 11 12 8 
10 10 8 6 
8 6 6 12 
13 11 12 13 
9 10 13 9 
11 7 9 13 
1 2 13 0 
2 4 0 5 
12 10 5 6 
11 13 6 11 
7 10 13 12 
13 8 12 9 
9 10 9 5 
6 9 5 5 
7 11 5 8 
1 1 8 0 
3 2 0 5 
10 12 6 12 
8 5 12 5 
12 8 5 12 
7 13 12 7 
5 9 7 6 
8 8 6 10 
12 7 10 10 
4 1 10 0 
3 3 0 13 
11 10 13 6 
9 8 6 9 
10 12 9 6 
9 7 6 6 
13 5 6 8 
5 8 8 6 
8 7 6 13 
4 4 13 0 
1 3 0 10 
5 11 10 11 
7 9 11 6 
11 10 10 9 
9 9 9 6 
7 13 6 10 
8 8 10 5 
8 8 5 8 
1 4 12 0 
0 1 0 1 
0 5 1 4 
0 7 4 1 
0 11 1 3 
0 9 3 3 
0 7 3 3 
0 8 3 3 
0 8 3 4 
0 1 4 0 