8
8
3 0 0 7 
13 0 7 7 
14 0 7 2 
16 0 2 3 
11 0 3 1 
10 0 1 2 
11 0 2 2 
6 0 2 0 
3 3 0 11 
10 13 11 14 
14 14 14 9 
9 16 9 16 
16 11 16 9 
12 10 9 10 
16 11 13 10 
1 6 10 0 
4 3 0 12 
13 11 12 15 
12 14 15 14 
10 13 14 10 
16 16 10 13 
11 12 11 14 
10 16 14 10 
7 1 10 0 
7 4 0 16 
13 13 16 10 
13 12 10 16 
14 10 16 13 
9 16 13 11 
10 11 11 10 
14 10 10 15 
5 7 15 0 
5 7 0 15 
10 13 15 13 
14 13 13 16 
12 14 16 13 
15 15 13 15 
13 10 15 16 
13 14 16 14 
3 5 14 0 
1 5 0 13 
12 10 13 13 
10 14 13 10 
12 12 10 12 
10 15 12 10 
16 13 10 13 
11 13 13 9 
1 3 9 0 
3 1 0 10 
10 12 10 12 
16 10 15 10 
13 12 10 11 
14 10 12 9 
9 16 9 13 
14 11 11 14 
8 1 14 0 
0 3 0 6 
0 10 6 5 
0 16 5 4 
0 13 4 1 
0 14 1 3 
0 9 3 6 
0 14 6 5 
0 8 5 0 