13
9
1 0 0 4 
11 0 4 1 
7 0 1 4 
13 0 4 4 
5 0 4 4 
8 0 4 3 
7 0 3 3 
7 0 3 2 
2 0 2 0 
4 1 0 5 
12 11 5 10 
12 7 10 10 
6 13 7 8 
8 5 8 8 
5 8 8 6 
9 7 6 11 
11 7 11 7 
3 2 7 0 
4 4 0 6 
6 12 6 8 
5 12 8 5 
9 6 5 5 
12 8 5 12 
6 5 12 10 
6 9 10 12 
13 11 12 8 
3 3 8 0 
2 4 0 13 
13 6 10 11 
9 7 12 7 
9 9 7 13 
11 8 13 10 
8 6 10 10 
12 6 10 12 
6 13 12 11 
2 3 11 0 
2 2 0 9 
8 13 9 12 
5 9 9 10 
6 9 10 5 
13 11 5 5 
6 8 5 13 
7 12 5 11 
7 6 11 12 
2 2 12 0 
1 2 0 10 
13 12 10 7 
6 5 7 8 
10 6 8 8 
13 13 8 7 
6 6 7 9 
11 7 9 13 
11 7 13 5 
4 2 5 0 
4 1 0 12 
7 13 12 7 
5 6 7 8 
5 10 8 8 
6 9 8 9 
9 6 9 9 
10 11 9 10 
11 12 10 12 
3 4 12 0 
1 4 0 10 
13 7 10 6 
9 5 6 7 
8 5 7 11 
11 6 11 13 
13 11 12 13 
9 10 13 9 
10 11 11 5 
2 3 5 0 
0 1 0 1 
0 13 1 2 
0 9 2 1 
0 8 1 1 
0 11 1 3 
0 13 3 3 
0 9 3 3 
0 10 3 1 
0 2 1 0 