15 15
1023

(2,1,0,64) (15,2,70,87) (6,2,87,175) (5,4,200,215) (12,5,215,262) (5,6,288,331) (5,7,331,363) (3,8,436,506) (8,9,508,556) (11,10,597,664) (1,11,664,699) (10,11,699,743) (8,12,756,826) (6,12,864,899) (7,14,899,926) (12,15,926,956) (4,15,982,1023) 
(8,2,54,78) (9,3,142,168) (10,3,168,248) (13,3,253,326) (9,7,370,403) (5,9,403,445) (5,10,445,539) (10,10,546,617) (7,11,628,696) (8,11,696,756) (1,12,756,815) (11,13,815,847) (2,14,847,896) (3,14,917,945) 
(5,2,97,104) (7,2,104,186) (14,4,196,222) (11,4,222,268) (6,3,268,361) (11,7,361,367) (2,4,367,400) (13,5,408,490) (4,7,490,584) (9,12,584,657) (15,12,657,693) (7,12,696,747) (15,13,747,840) (1,15,908,935) (3,15,945,1023) 
(4,1,0,12) (3,2,73,155) (1,4,236,269) (8,5,291,327) (15,6,327,350) (14,8,387,416) (8,7,416,471) (14,10,486,529) (10,9,532,546) (7,10,583,628) (3,11,686,779) (7,13,779,787) (2,12,787,797) (5,15,797,828) (12,13,828,883) (6,13,899,967) 
(10,2,87,99) (1,3,162,236) (4,4,236,251) (7,5,260,332) (3,6,332,353) (15,8,371,389) (10,7,436,508) (6,5,508,552) (3,9,552,605) (4,9,605,647) (13,8,655,686) (2,11,695,718) (13,10,721,775) (6,11,779,864) (8,14,864,887) (11,15,887,984) 
(6,1,0,72) (12,2,92,128) (12,3,128,150) (11,3,150,211) (5,5,215,288) (9,6,288,370) (5,8,370,392) (2,5,400,406) (2,6,406,458) (8,8,471,508) (15,10,508,592) (4,8,592,604) (3,10,605,686) (4,11,705,720) (9,14,720,757) (4,13,757,763) (3,12,779,856) (13,15,943,1019) 
(10,1,0,87) (5,3,104,200) (3,5,240,328) (10,6,346,436) (2,7,458,530) (12,9,538,568) (14,11,568,616) (6,7,618,681) (4,10,681,705) (13,11,775,782) (13,12,782,819) (13,13,819,891) (14,15,891,987) 
(11,2,54,76) (8,3,78,92) (1,2,134,162) (13,2,170,253) (8,4,253,291) (7,6,332,381) (7,7,381,480) (10,8,508,532) (5,11,539,562) (2,9,562,652) (6,8,681,695) (4,12,720,748) (5,14,761,785) (12,12,795,802) (10,14,822,883) (4,14,883,982) 
(5,1,0,97) (14,3,144,196) (7,4,207,260) (14,6,268,307) (8,6,327,379) (1,6,379,454) (9,9,454,518) (6,6,552,618) (12,10,618,716) (12,11,716,795) (10,13,807,822) (3,13,856,917) (6,15,972,1021) 
(11,1,0,54) (7,1,54,69) (1,1,69,134) (3,3,155,178) (9,4,178,201) (2,3,201,284) (14,7,307,387) (4,6,387,485) (13,6,490,582) (8,10,582,675) (6,9,695,762) (9,15,762,824) (11,14,847,887) (15,15,924,966) 
(9,1,0,12) (14,1,12,110) (7,3,186,207) (10,4,248,298) (13,4,326,408) (9,8,408,453) (7,8,480,506) (9,10,518,533) (1,8,533,565) (9,11,565,574) (1,10,578,659) (5,13,683,761) (10,12,761,807) (2,13,807,846) (10,15,883,975) 
(12,1,0,92) (15,3,92,182) (12,4,182,191) (15,5,249,263) (11,5,268,341) (14,9,416,486) (6,4,486,499) (2,8,530,537) (1,9,565,578) (15,11,592,618) (11,11,664,718) (14,13,718,763) (15,14,840,924) (7,15,926,1022) 
(8,1,0,54) (14,2,110,144) (4,3,144,177) (3,4,178,240) (14,5,240,268) (10,5,298,346) (12,6,346,423) (12,7,423,502) (12,8,502,538) (13,7,582,655) (9,13,657,716) (11,12,718,793) (8,13,826,849) (13,14,891,943) (6,14,967,972) 
(15,1,0,70) (4,2,70,121) (13,1,121,170) (15,4,182,249) (4,5,251,323) (15,7,350,371) (3,7,371,436) (1,7,454,527) (7,9,527,583) (14,12,616,674) (2,10,674,695) (6,10,762,779) (1,13,815,853) (1,14,853,908) (8,15,908,991) 
(3,1,0,73) (9,2,73,142) (2,2,142,195) (9,5,201,229) (1,5,269,320) (11,6,341,357) (11,8,367,461) (15,9,461,504) (11,9,504,597) (5,12,597,683) (13,9,686,721) (14,14,763,857) (12,14,883,889) (2,15,896,968) 
