15 10
838

(8,1,0,62) (12,1,62,130) (3,2,130,223) (13,4,223,314) (11,2,317,408) (15,5,408,455) (9,7,455,518) (7,7,519,569) (11,6,569,607) (10,8,620,644) (10,9,644,697) (1,9,697,723) (9,10,723,803) (5,10,803,833) 
(3,1,0,50) (7,2,71,162) (13,3,162,218) (11,1,218,317) (3,4,334,341) (13,5,341,381) (12,5,381,441) (13,7,467,539) (6,6,553,622) (9,9,622,657) (5,7,657,669) (5,8,669,712) (8,9,712,784) (15,10,784,832) 
(13,2,79,139) (10,3,139,189) (12,3,206,283) (14,4,283,329) (3,5,341,396) (2,4,396,419) (15,6,455,532) (10,6,532,552) (10,7,552,620) (2,8,620,646) (7,9,660,697) (2,9,697,764) (6,9,766,793) (6,10,793,802) (12,10,802,820) 
(1,1,0,8) (10,1,8,66) (8,2,66,156) (6,3,156,215) (2,2,215,288) (7,4,288,378) (6,4,378,450) (14,6,450,522) (9,8,522,543) (14,7,543,549) (1,7,549,587) (4,8,587,683) (12,9,696,786) (1,10,786,805) (7,10,805,822) 
(14,1,0,10) (9,1,10,45) (9,2,45,84) (4,2,84,127) (1,3,146,218) (15,2,218,247) (15,3,247,296) (9,6,296,348) (1,5,348,378) (13,6,381,467) (5,5,467,537) (2,6,541,580) (2,7,580,593) (1,8,593,691) (6,8,721,766) (4,10,766,838) 
(7,1,0,71) (14,2,71,163) (4,3,163,262) (8,5,285,376) (5,4,376,383) (11,3,408,441) (12,6,441,456) (2,5,456,541) (15,7,541,618) (6,7,622,721) (11,8,721,756) (11,9,756,805) 
(4,1,0,68) (9,3,84,158) (14,3,163,186) (9,4,186,211) (1,4,218,292) (4,4,292,352) (4,5,352,420) (4,6,420,511) (7,6,511,519) (3,7,519,576) (8,8,576,585) (7,8,585,660) (14,9,660,755) (4,9,755,766) (13,10,766,817) 
(13,1,0,79) (6,2,79,128) (5,2,128,162) (2,1,162,181) (7,3,181,246) (8,4,254,285) (12,4,285,295) (15,4,296,351) (14,5,351,391) (8,6,391,429) (3,6,429,490) (6,5,490,553) (12,7,553,625) (3,8,625,697) (10,10,697,754) (15,9,754,782) (3,10,782,828) 
(6,1,0,60) (10,2,66,71) (1,2,71,146) (12,2,146,206) (5,3,206,246) (9,5,246,293) (10,4,293,345) (1,6,378,421) (10,5,421,509) (11,4,509,528) (4,7,528,539) (11,5,539,557) (14,8,557,580) (5,6,580,654) (11,7,654,678) (12,8,678,696) (3,9,697,739) (14,10,755,789) (8,10,789,838) 
(15,1,0,24) (5,1,24,108) (8,3,156,254) (3,3,254,334) (2,3,334,377) (7,5,378,476) (8,7,476,548) (13,8,548,628) (13,9,628,717) (15,8,717,725) (5,9,725,794) (2,10,794,803) (11,10,805,814) 
