72
16
1 0 0 17 
8 0 17 9 
14 0 9 13 
22 0 13 17 
7 0 17 13 
16 0 13 1 
10 0 1 9 
12 0 9 13 
7 0 13 5 
20 0 5 5 
3 0 5 13 
10 0 13 1 
11 0 1 17 
15 0 17 9 
21 0 9 1 
5 0 1 0 
1 1 0 6 
18 8 6 20 
19 14 20 8 
12 7 12 11 
6 7 11 21 
2 16 21 7 
16 10 7 12 
18 2 12 19 
18 7 12 4 
22 20 6 2 
21 3 2 21 
6 10 21 20 
7 18 20 16 
6 20 16 7 
14 21 7 19 
17 5 19 0 
13 1 0 6 
16 18 6 12 
4 19 12 16 
6 12 16 8 
8 6 8 15 
10 2 10 3 
15 16 3 3 
18 18 22 3 
3 18 3 14 
20 22 14 11 
14 21 11 12 
18 6 12 6 
3 7 2 3 
18 6 3 6 
10 14 6 16 
17 17 2 0 
1 13 0 6 
14 12 6 2 
4 4 15 12 
7 6 12 19 
3 8 19 14 
15 10 14 12 
7 15 12 15 
10 12 15 14 
21 3 14 16 
8 20 16 11 
11 15 11 16 
4 7 16 19 
14 3 19 7 
11 18 7 19 
19 10 6 8 
5 17 8 0 
9 1 0 12 
19 14 14 8 
2 22 8 18 
15 7 16 3 
6 3 3 11 
19 15 22 20 
15 7 19 11 
22 10 11 16 
4 10 16 3 
8 6 3 10 
2 11 10 18 
4 4 7 19 
10 14 19 20 
7 11 20 22 
3 19 22 11 
13 5 11 0 
5 9 0 19 
21 19 19 6 
18 2 6 2 
19 15 2 19 
11 6 19 15 
2 19 15 8 
22 15 8 10 
8 22 10 12 
3 4 12 16 
21 8 21 18 
18 2 18 22 
18 4 22 19 
3 10 19 21 
14 14 21 7 
12 3 7 2 
13 13 2 0 
1 5 0 21 
18 21 21 6 
7 18 4 7 
21 8 7 19 
3 11 19 7 
2 2 20 21 
6 22 21 2 
18 8 2 2 
11 3 2 8 
16 21 11 6 
6 18 6 11 
16 22 11 3 
22 3 3 7 
8 14 11 8 
14 12 8 21 
9 13 21 0 
5 1 0 15 
10 4 15 18 
4 7 18 22 
8 21 22 22 
7 3 22 14 
7 2 14 2 
18 6 2 20 
7 18 20 18 
22 11 18 15 
21 16 19 10 
10 6 10 22 
15 16 21 20 
7 22 20 4 
7 8 6 4 
6 14 4 20 
1 9 20 0 
17 5 0 22 
14 10 22 16 
3 4 22 12 
21 8 12 11 
11 7 11 20 
19 7 20 4 
14 10 4 22 
7 16 22 21 
22 22 21 3 
12 21 3 22 
4 10 22 3 
3 15 3 14 
4 7 14 11 
11 7 11 18 
4 6 14 8 
5 1 8 0 
17 17 0 20 
20 14 20 20 
3 3 20 12 
19 21 12 14 
4 11 14 10 
3 19 10 20 
18 14 20 16 
6 7 16 16 
18 22 16 7 
16 14 7 19 
8 4 19 11 
8 3 11 15 
10 4 15 6 
7 11 6 21 
2 4 21 8 
5 5 8 0 
13 17 0 8 
2 20 8 22 
21 3 22 21 
2 22 21 22 
8 4 22 4 
6 3 4 14 
14 18 14 2 
21 6 19 18 
15 18 2 19 
10 16 19 10 
6 11 10 16 
20 10 16 8 
21 10 8 15 
20 7 15 8 
19 2 8 4 
1 5 4 0 
9 13 0 19 
14 2 19 15 
4 21 6 7 
20 2 7 3 
4 14 3 18 
6 6 18 15 
15 14 15 20 
21 21 22 14 
12 15 14 22 
11 10 22 4 
15 6 15 15 
2 20 15 11 
15 21 22 15 
10 20 15 20 
19 19 20 19 
9 1 15 0 
17 9 0 2 
21 14 16 8 
8 4 8 3 
10 20 16 3 
21 4 3 11 
18 6 11 19 
20 15 19 21 
20 21 16 16 
10 12 16 10 
11 11 10 12 
18 15 12 3 
11 2 8 12 
4 15 12 21 
12 10 21 14 
12 19 4 15 
9 9 15 0 
17 17 0 10 
14 21 22 12 
20 8 12 11 
7 10 11 12 
14 8 12 2 
4 18 2 18 
16 20 18 6 
16 20 6 10 
12 10 10 15 
4 11 15 2 
18 18 3 12 
22 11 12 11 
4 4 11 2 
12 12 2 8 
12 12 8 4 
5 9 4 0 
17 17 0 18 
2 14 18 11 
15 20 19 3 
16 7 3 2 
12 20 2 16 
2 4 16 20 
10 16 20 22 
7 16 22 14 
11 12 14 19 
2 4 19 22 
4 18 22 16 
22 22 16 20 
19 4 21 8 
16 12 8 20 
6 12 20 15 
17 5 15 0 
0 17 0 9 
0 7 9 9 
0 15 9 5 
0 16 5 5 
0 7 5 1 
0 2 1 1 
0 10 1 9 
0 10 9 13 
0 8 13 1 
0 18 1 5 
0 4 5 13 
0 16 13 13 
0 4 13 13 
0 16 13 17 
0 18 17 9 
0 17 9 0 