15 10
836

(8,1,0,62) (12,1,62,130) (3,2,130,223) (13,4,223,314) (1,5,314,344) (3,5,344,399) (2,4,399,422) (4,6,434,525) (10,7,525,593) (7,8,593,668) (7,9,668,705) (1,9,705,731) (9,10,731,811) 
(3,1,0,50) (7,2,71,162) (7,3,162,227) (7,4,227,317) (3,4,317,324) (13,5,324,364) (14,5,364,404) (15,5,404,451) (8,6,451,489) (8,7,489,561) (11,5,561,579) (10,8,593,617) (5,7,659,671) (5,8,671,714) (3,9,714,756) (11,9,763,812) (7,10,812,829) 
(13,2,79,139) (5,2,139,173) (9,4,173,198) (12,3,206,283) (8,4,283,314) (11,1,314,413) (10,6,413,433) (15,6,451,528) (4,7,528,539) (6,6,539,608) (2,8,609,635) (13,9,636,725) (11,8,728,763) (4,10,763,835) 
(1,1,0,8) (10,1,8,66) (8,2,66,156) (10,3,156,206) (3,3,223,303) (8,5,314,405) (12,6,454,469) (9,8,469,490) (3,7,495,552) (14,7,552,558) (1,7,558,596) (2,7,596,609) (6,7,609,708) (12,8,708,726) (12,9,726,816) (1,10,816,835) 
(14,1,0,10) (9,1,10,45) (9,2,45,84) (4,2,84,127) (1,3,146,218) (5,3,218,258) (9,6,260,312) (9,7,312,375) (13,6,375,461) (2,5,461,546) (2,6,546,585) (5,6,585,659) (11,6,659,697) (6,8,708,753) (6,9,753,780) (15,10,784,832) 
(6,1,0,60) (10,2,66,71) (1,2,71,146) (12,2,146,206) (15,2,206,235) (2,2,235,308) (14,4,308,354) (4,5,366,434) (3,6,434,495) (7,6,495,503) (11,3,504,537) (11,4,537,556) (13,8,556,636) (14,9,636,731) (14,10,731,765) (6,10,780,789) (12,10,816,834) 
(4,1,0,68) (9,3,84,158) (14,3,163,186) (2,1,186,205) (4,3,205,304) (12,4,304,314) (15,4,314,369) (7,5,369,467) (6,5,467,530) (9,9,530,565) (8,8,565,574) (12,7,574,646) (10,9,646,699) (4,9,699,710) (8,9,710,782) (3,10,782,828) 
(7,1,0,71) (14,2,71,163) (6,3,163,222) (1,4,222,296) (10,5,306,394) (12,5,394,454) (14,6,454,526) (15,7,528,605) (3,8,605,677) (10,10,699,756) (15,9,756,784) (2,10,784,793) (11,10,812,821) 
(13,1,0,79) (8,3,156,254) (10,4,254,306) (4,4,306,366) (5,4,366,373) (6,4,373,445) (13,7,461,533) (7,7,533,583) (14,8,583,606) (1,8,606,704) (11,7,704,728) (15,8,728,736) (13,10,736,787) (8,10,787,836) 
(15,1,0,24) (5,1,24,108) (6,2,108,157) (13,3,157,213) (9,5,213,260) (15,3,260,309) (2,3,309,352) (1,6,352,395) (11,2,413,504) (5,5,504,574) (4,8,574,670) (2,9,670,737) (5,9,737,806) (5,10,806,836) 
