501
16
6 18 6 12 
2 0 13 13 
19 0 9 13 
3 19 22 11 
0 2 9 17 
1 1 6 0 
20 21 15 16 
11 6 21 16 
8 22 10 12 
22 14 16 7 
11 21 7 6 
0 10 9 1 
10 20 19 3 
1 1 0 2 
22 14 12 15 
9 13 0 14 
11 12 21 14 
14 16 3 21 
6 21 18 19 
21 14 12 22 
3 10 10 2 
15 0 1 9 
8 4 19 11 
10 3 8 6 
17 17 20 0 
19 14 20 8 
7 16 22 21 
7 2 3 12 
6 22 21 2 
14 10 4 22 
19 22 18 4 
18 10 2 11 
18 11 19 7 
4 7 14 11 
10 8 22 15 
22 16 18 4 
11 7 11 20 
14 3 3 18 
18 8 6 20 
4 20 19 7 
14 14 21 7 
7 12 11 12 
5 13 0 11 
0 6 1 13 
10 12 15 10 
21 0 1 5 
14 19 12 11 
12 3 18 18 
3 6 14 4 
14 20 20 20 
20 16 10 6 
19 22 4 2 
22 22 16 20 
8 6 19 10 
0 6 13 1 
2 18 19 12 
18 15 12 3 
7 15 3 16 
2 19 15 19 
10 20 15 20 
0 1 17 0 
22 4 4 8 
1 9 21 0 
18 0 5 1 
18 6 11 6 
16 20 18 6 
19 19 19 20 
7 19 21 14 
8 18 22 2 
0 8 17 13 
3 8 15 11 
6 3 18 6 
15 18 4 10 
14 19 3 8 
14 18 16 20 
3 7 14 22 
10 16 19 10 
7 0 13 5 
0 15 17 5 
8 16 20 10 
2 3 7 3 
3 7 3 22 
19 12 7 6 
22 22 21 8 
20 2 18 6 
7 16 18 22 
10 16 12 7 
12 6 15 20 
15 11 20 2 
0 21 9 13 
18 20 7 18 
19 4 16 12 
20 0 9 1 
19 15 22 20 
0 18 17 9 
3 6 11 3 
16 16 21 20 
0 9 0 17 
19 2 15 18 
5 9 0 15 
0 9 17 0 
1 17 0 11 
12 21 3 22 
5 17 0 19 
22 20 6 2 
11 7 11 18 
2 2 20 21 
5 1 7 0 
13 5 0 4 
10 11 4 22 
1 0 0 5 
5 17 8 0 
21 14 10 12 
6 14 4 20 
7 19 3 11 
17 17 0 10 
12 0 9 1 
22 10 10 6 
14 10 22 16 
18 8 2 2 
3 18 14 4 
2 6 14 12 
3 19 15 20 
6 11 15 19 
2 16 20 12 
16 18 6 12 
3 22 4 10 
12 20 3 3 
4 18 2 18 
15 20 21 19 
3 16 4 10 
21 22 22 2 
14 12 10 15 
14 12 19 21 
10 19 21 16 
18 22 7 4 
8 14 11 8 
6 21 18 21 
8 3 4 8 
2 18 22 18 
19 6 19 21 
16 7 3 2 
7 3 2 20 
21 8 14 12 
11 16 10 22 
2 14 14 18 
9 5 0 4 
5 1 8 0 
21 2 21 3 
20 15 15 14 
12 2 8 14 
0 16 13 13 
2 0 17 17 
14 10 20 19 
0 4 13 13 
22 3 18 18 
5 5 0 20 
9 5 19 0 
10 20 16 3 
11 19 6 18 
0 12 13 9 
6 7 21 4 
20 8 16 12 
16 10 12 10 
4 20 7 22 
7 6 16 16 
8 7 4 6 
19 2 8 15 
20 8 12 11 
21 8 4 2 
3 15 3 14 
16 20 7 18 
9 17 8 0 
18 15 6 6 
22 14 21 21 
7 11 20 22 
22 16 3 11 
20 7 15 8 
16 0 17 13 
8 2 12 12 
7 18 4 7 
0 8 5 5 
0 8 13 1 
21 8 12 11 
17 9 0 15 
11 11 12 10 
0 22 17 13 
6 10 21 20 
4 4 12 15 
5 1 0 15 
4 15 19 12 
0 4 1 5 
21 3 22 22 
12 6 8 16 
18 21 21 8 
6 4 8 14 
4 7 16 19 
14 15 10 12 
1 13 16 0 
17 17 0 18 
7 11 6 21 
11 3 21 4 
15 2 11 4 
15 15 6 15 
12 8 11 2 
8 22 20 2 
22 21 3 21 
7 15 12 15 
15 21 22 15 
20 8 11 16 
16 2 7 21 
0 7 9 9 
15 4 21 12 
14 16 19 7 
11 12 22 11 
9 1 0 10 
15 19 14 2 
13 17 7 0 
4 3 16 12 
12 4 7 18 
11 4 10 14 
2 18 2 6 
10 0 13 9 
2 11 4 4 
7 19 8 21 
16 0 5 5 
2 19 4 8 
12 12 8 4 
14 21 8 16 
5 13 0 3 
7 15 11 19 
19 14 14 8 
11 22 15 18 
16 15 3 3 
14 2 11 18 
1 13 10 0 
11 3 2 8 
9 9 15 0 
11 14 20 22 
6 8 15 8 
3 10 19 21 
20 22 16 10 
2 4 16 20 
8 15 10 21 
16 7 20 6 
7 19 14 3 
10 7 12 11 
10 14 6 16 
15 11 16 11 
10 16 11 6 
15 6 4 10 
4 4 7 19 
2 14 7 2 
3 4 22 12 
5 17 22 0 
8 21 19 4 