192
10
7 0 2 3 
8 6 13 8 
8 0 1 3 
0 11 4 1 
11 7 14 9 
12 7 7 6 
13 13 6 12 
3 1 0 12 
5 9 7 6 
0 1 0 4 
14 0 2 1 
5 13 5 5 
0 5 1 4 
0 13 1 3 
9 12 7 11 
6 6 9 10 
8 8 10 5 
12 12 5 13 
7 7 14 6 
3 4 0 6 
11 10 6 11 
8 9 6 12 
11 0 4 2 
7 10 11 10 
13 9 6 7 
8 7 8 8 
5 8 10 11 
13 9 6 8 
5 12 7 12 
0 12 3 3 
0 10 4 4 
5 7 12 9 
4 4 0 9 
2 2 11 0 
7 13 8 7 
14 14 5 12 
9 6 10 12 
10 8 7 13 
11 10 13 6 
7 7 6 10 
11 6 14 13 
2 4 0 10 
6 12 10 6 
13 5 6 13 
11 0 1 3 
8 11 14 14 
10 9 14 11 
8 14 12 9 
11 10 14 12 
10 11 12 13 
1 0 0 3 
7 8 5 9 
2 4 5 0 
2 3 0 8 
7 13 5 10 
14 13 7 10 
12 10 12 8 
6 0 2 3 
8 14 9 6 
9 12 11 9 
9 7 9 8 
0 1 0 1 
11 7 8 10 
12 6 14 6 
11 0 3 4 
5 13 10 10 
13 6 12 6 
3 3 0 8 
12 11 14 8 
14 9 8 12 
4 4 0 11 
2 1 0 13 
4 4 0 12 
5 11 5 13 
11 5 5 5 
6 5 8 14 
9 13 12 13 
6 0 2 2 
12 10 10 7 
10 0 1 2 
13 6 9 14 
7 14 10 11 
9 8 7 8 
8 5 6 14 
6 5 9 9 
10 11 14 9 
10 14 13 5 
7 0 3 1 
2 1 9 0 
5 11 5 11 
11 9 7 5 
14 0 1 2 
8 13 5 14 
0 7 4 1 
14 13 7 14 
0 12 3 2 
1 0 3 0 
9 0 3 2 
5 14 14 13 
0 8 2 4 