15 10
917

(8,1,0,62) (3,2,62,155) (12,2,155,215) (13,4,215,306) (2,4,306,329) (3,5,329,384) (4,6,390,481) (6,6,481,550) (11,6,567,605) (10,7,605,673) (13,8,688,768) (13,9,768,857) (8,10,857,906) 
(4,1,0,68) (12,1,68,136) (2,2,136,209) (5,5,212,282) (14,5,282,322) (3,4,322,329) (15,4,393,448) (15,5,448,495) (8,6,495,533) (8,7,533,605) (8,8,605,614) (11,8,629,664) (2,8,664,690) (11,9,690,739) (9,9,739,774) (1,8,774,872) (7,10,872,889) 
(14,2,10,102) (15,1,102,126) (14,3,126,149) (13,3,149,205) (5,4,205,212) (11,1,212,311) (12,3,311,388) (13,5,388,428) (5,7,474,486) (15,6,495,572) (14,7,584,590) (11,7,605,629) (9,7,651,714) (7,8,714,789) (6,9,789,816) (1,9,872,898) 
(8,2,62,152) (6,3,159,218) (7,4,315,405) (4,7,481,492) (4,8,492,588) (4,9,588,599) (2,7,599,612) (15,7,612,689) (12,8,689,707) (9,8,714,735) (1,7,735,773) (12,9,773,863) (1,10,898,917) 
(14,1,0,10) (10,1,10,68) (9,2,68,107) (4,2,107,150) (10,3,150,200) (8,4,250,281) (1,2,281,356) (1,3,356,428) (11,3,460,493) (9,5,493,540) (2,6,540,579) (10,6,579,599) (9,6,599,651) (3,7,651,708) (8,9,708,780) (4,10,780,852) (12,10,863,881) 
(13,2,79,139) (3,3,155,235) (7,3,250,315) (15,2,315,344) (9,4,344,369) (11,2,369,460) (5,8,486,529) (7,5,529,627) (7,6,627,635) (6,8,649,694) (10,8,694,718) (14,9,718,813) (7,9,813,850) (6,10,850,859) (10,10,859,916) 
(2,1,0,19) (9,1,19,54) (10,2,68,73) (7,1,73,144) (4,3,150,249) (9,3,249,323) (2,5,329,414) (11,4,493,512) (14,6,512,584) (1,4,584,658) (2,9,690,757) (10,9,757,810) (14,10,813,847) (15,10,847,895) 
(5,1,0,84) (5,2,84,118) (5,3,118,158) (14,4,158,204) (4,4,249,309) (8,5,309,400) (5,6,400,474) (12,5,474,534) (6,7,550,649) (1,5,658,688) (5,9,688,757) (15,9,757,785) (11,10,785,794) (5,10,794,824) (3,10,825,871) (2,10,871,880) 
(3,1,0,50) (6,1,50,110) (8,3,152,250) (6,4,250,322) (4,5,322,390) (10,4,390,442) (10,5,442,530) (13,6,530,616) (13,7,616,688) (14,8,688,711) (3,8,711,783) (13,10,857,908) 
(13,1,0,79) (6,2,110,159) (7,2,159,250) (1,1,250,258) (2,3,258,301) (15,3,344,393) (12,4,393,403) (6,5,403,466) (3,6,466,527) (12,6,534,549) (11,5,549,567) (12,7,567,639) (7,7,639,689) (1,6,689,732) (15,8,732,740) (3,9,783,825) (9,10,825,905) 
