15 15
1036

(9,1,0,12) (13,2,49,132) (9,5,188,216) (11,4,216,262) (5,5,311,384) (3,8,451,521) (10,10,521,592) (15,9,592,635) (1,11,671,706) (6,11,761,846) (6,12,846,881) (7,13,881,889) (7,14,889,916) (12,15,916,946) (6,15,954,1003) 
(8,2,54,78) (7,4,118,171) (3,3,171,194) (14,5,210,238) (4,4,244,259) (9,6,259,341) (12,6,341,418) (8,8,441,478) (5,9,483,525) (12,9,533,563) (1,9,566,579) (5,10,579,673) (6,9,677,744) (14,14,764,858) (10,14,858,919) (5,15,919,950) (3,15,958,1036) 
(4,1,0,12) (10,2,87,99) (4,2,99,150) (8,4,150,188) (14,6,238,277) (3,5,277,365) (14,8,375,404) (14,9,404,474) (4,7,474,568) (11,10,579,646) (9,12,662,735) (4,10,735,759) (9,14,803,840) (10,13,840,855) (12,14,870,876) (11,15,876,973) 
(8,1,0,54) (9,3,139,165) (14,4,184,210) (7,5,210,282) (11,5,282,355) (11,6,355,371) (1,6,371,446) (15,7,446,467) (10,9,485,499) (14,10,499,542) (13,9,565,600) (12,10,600,698) (10,12,698,744) (9,13,744,803) (4,13,809,815) (12,13,815,870) (13,15,921,997) 
(5,1,0,97) (9,4,165,188) (1,3,188,262) (7,6,282,331) (3,6,365,386) (11,7,386,392) (11,8,392,486) (11,9,486,579) (13,10,600,654) (13,11,654,661) (7,12,731,782) (8,12,791,861) (10,15,919,1011) 
(13,1,0,49) (12,2,92,128) (6,1,128,200) (5,3,200,296) (6,2,296,384) (3,7,386,451) (2,5,451,457) (5,8,461,483) (13,8,534,565) (3,9,565,618) (15,10,635,719) (14,13,719,764) (4,11,764,779) (9,15,840,902) (15,14,902,986) 
(10,1,0,87) (8,3,87,101) (12,4,150,159) (2,2,219,272) (1,4,272,305) (8,6,334,386) (7,7,386,485) (6,5,490,534) (4,8,568,580) (10,11,592,636) (3,11,699,792) (8,13,861,884) (2,14,910,959) 
(3,2,73,155) (2,1,155,219) (4,5,259,331) (4,6,331,429) (5,7,429,461) (10,8,461,485) (9,8,485,530) (6,6,534,600) (14,12,600,658) (12,11,698,777) (12,12,777,784) (15,13,784,877) (4,14,877,976) (4,15,976,1017) 
(15,1,0,70) (9,2,70,139) (10,4,198,248) (12,5,248,295) (14,7,295,375) (6,3,384,477) (1,8,534,566) (7,10,608,653) (9,11,653,662) (15,11,719,745) (15,12,745,781) (4,12,781,809) (3,13,869,930) (14,15,930,1026) 
(11,1,0,54) (1,1,54,119) (11,2,119,141) (15,3,141,231) (15,5,298,312) (9,7,341,374) (8,7,386,441) (2,6,457,509) (2,7,509,581) (8,10,581,674) (5,11,674,697) (1,12,706,765) (2,10,796,817) (11,14,821,861) (1,15,912,939) (6,14,949,954) 
(7,2,15,97) (15,2,97,114) (1,2,119,147) (13,4,205,287) (1,5,305,356) (15,6,356,379) (5,6,384,427) (7,8,485,511) (14,11,542,590) (1,10,590,671) (5,12,697,783) (13,13,783,855) (5,14,861,885) (8,14,885,908) (15,15,986,1028) 
(12,1,0,92) (7,3,97,118) (10,3,118,198) (3,4,198,260) (13,5,287,369) (10,7,386,458) (6,4,477,490) (8,9,490,538) (4,9,580,622) (6,8,663,677) (13,12,677,714) (11,12,714,789) (11,13,789,821) (6,13,881,949) (8,15,949,1032) 
(14,1,0,98) (12,3,128,150) (11,3,150,211) (4,3,211,244) (10,5,248,296) (10,6,296,386) (2,4,417,450) (13,7,461,534) (6,7,600,663) (7,11,663,731) (8,11,731,791) (3,12,792,869) (13,14,869,921) (7,15,921,1017) 
(7,1,0,15) (14,2,98,132) (13,3,132,205) (15,4,231,298) (8,5,298,334) (2,3,334,417) (12,7,418,497) (12,8,497,533) (9,9,533,597) (9,10,597,612) (3,10,618,699) (2,8,699,706) (2,9,706,796) (1,13,796,834) (2,11,834,857) (1,14,857,912) (3,14,930,958) 
(3,1,0,73) (14,3,132,184) (5,2,184,191) (5,4,296,311) (13,6,369,461) (1,7,461,534) (15,8,534,552) (7,9,552,608) (11,11,646,700) (6,10,744,761) (5,13,783,861) (2,12,861,871) (2,13,871,910) (2,15,959,1031) 
