9
8
2 0 0 6 
9 0 6 3 
10 0 3 1 
13 0 1 5 
10 0 5 6 
10 0 6 1 
14 0 1 8 
5 0 8 0 
1 2 0 10 
15 10 10 12 
14 10 12 9 
11 13 9 16 
9 16 16 9 
13 10 15 16 
13 14 16 14 
3 5 14 0 
3 1 0 11 
13 15 15 15 
12 14 15 14 
12 11 14 11 
16 9 11 16 
13 13 16 10 
10 13 10 14 
1 3 14 0 
3 3 0 11 
12 13 11 10 
13 12 10 16 
10 12 10 9 
9 16 9 13 
15 13 13 10 
14 10 16 10 
7 1 10 0 
4 3 0 12 
12 12 12 10 
10 13 16 16 
14 10 16 13 
13 9 13 11 
12 15 11 13 
11 14 11 14 
2 7 14 0 
1 4 0 13 
14 12 13 16 
13 10 16 13 
11 14 13 10 
13 13 10 12 
10 12 12 10 
10 11 10 11 
2 2 11 0 
3 1 0 9 
14 14 9 14 
16 13 14 13 
16 11 13 10 
13 10 10 14 
15 10 14 10 
15 10 10 16 
3 2 16 0 
0 3 0 6 
0 14 6 5 
0 16 5 4 
0 16 4 7 
0 13 7 7 
0 15 7 5 
0 15 5 7 
0 3 7 0 