154
9
13 13 8 7 
10 5 12 11 
6 12 12 10 
0 1 0 2 
0 7 2 3 
7 12 7 13 
9 6 9 9 
3 3 0 13 
0 1 1 0 
6 13 11 10 
8 7 6 5 
12 5 12 8 
4 2 13 0 
7 12 5 11 
11 7 11 7 
8 6 8 5 
4 4 0 5 
11 0 4 1 
3 2 0 11 
12 10 6 9 
10 13 11 8 
6 10 8 8 
3 3 7 0 
4 1 0 5 
7 6 11 12 
11 13 8 12 
9 6 9 8 
4 1 0 12 
4 2 5 0 
13 8 12 9 
9 7 12 7 
6 11 13 11 
3 2 7 0 
5 13 8 6 
5 10 6 9 
10 10 12 7 
13 5 7 11 
3 3 0 9 
12 0 4 3 
11 12 10 12 
5 5 6 9 
9 5 10 9 
3 3 8 0 
6 6 9 7 
13 11 12 13 
12 13 7 10 
7 11 13 9 
6 7 5 9 
10 10 6 8 
8 8 8 5 
1 4 0 7 
6 10 13 7 
4 1 10 0 
5 8 5 12 
0 2 0 2 
8 0 4 3 
1 0 0 4 
11 10 10 9 
7 8 6 5 
12 6 8 6 
5 8 11 7 
5 11 10 11 
0 5 2 3 
2 2 0 9 
13 6 8 7 
8 0 1 1 
5 6 10 12 
5 5 13 11 
1 3 11 0 
4 4 0 6 
3 1 10 0 
1 2 0 9 
10 9 9 13 
9 9 7 13 
0 13 1 2 
13 6 11 12 
2 2 12 0 
7 9 11 6 
0 13 4 4 
10 5 8 8 
2 1 10 0 