119
8
3 2 16 0 
9 13 11 13 
13 10 15 16 
14 12 14 15 
13 11 16 9 
12 13 11 10 
13 16 12 14 
9 16 16 9 
7 7 13 0 
12 12 10 12 
14 11 14 11 
13 13 16 10 
10 15 12 10 
13 12 10 16 
16 9 13 9 
10 9 12 10 
12 11 14 11 
14 0 1 8 
11 0 2 2 
13 16 14 10 
7 1 10 0 
16 13 14 13 
16 0 7 4 
0 3 7 0 
13 0 1 4 
13 13 10 12 
14 16 13 14 
10 13 16 11 
11 10 11 10 
12 10 10 12 
3 1 0 9 
13 10 16 13 
4 3 0 12 
9 0 6 3 
10 0 3 1 
1 3 11 0 
13 0 1 5 
14 10 10 13 
4 5 0 16 
10 14 15 10 
14 0 5 3 
15 13 13 10 
6 5 14 0 
14 10 13 10 
15 10 10 16 
2 1 10 0 
3 3 0 11 
3 0 6 0 
11 14 13 10 
5 6 0 10 
1 6 10 0 
0 15 5 7 
16 11 16 9 
14 14 9 14 
16 16 13 10 
15 13 15 15 
0 5 0 8 
0 14 2 7 
15 0 5 7 
12 9 10 14 
10 16 14 10 
0 14 1 3 
12 15 11 13 
2 0 0 6 