15 10
823

(8,1,0,62) (3,2,62,155) (2,4,155,178) (12,2,178,238) (7,4,238,328) (6,5,328,391) (10,5,391,479) (7,8,484,559) (4,7,559,570) (4,8,570,666) (15,8,669,677) (8,9,677,749) (1,9,749,775) (3,10,775,821) 
(3,1,0,50) (12,1,50,118) (15,1,118,142) (8,3,174,272) (14,3,282,305) (14,4,305,351) (5,6,373,447) (13,7,459,531) (3,6,531,592) (10,8,594,618) (5,8,618,661) (7,10,661,678) (5,9,678,747) (15,9,747,775) (15,10,775,823) 
(7,1,0,71) (11,2,99,190) (14,2,190,282) (12,3,282,359) (8,5,359,450) (9,7,452,515) (10,7,526,594) (7,9,594,631) (13,9,631,720) (3,9,727,769) (13,10,769,820) 
(11,1,0,99) (2,3,100,143) (5,2,143,177) (6,4,177,249) (10,3,249,299) (11,3,299,332) (13,5,332,372) (9,6,400,452) (14,5,452,492) (12,6,492,507) (2,8,507,533) (1,7,533,571) (9,8,571,592) (15,7,592,669) (4,9,669,680) (12,9,680,770) (6,9,770,797) (1,10,797,816) 
(10,1,0,58) (14,1,58,68) (4,2,68,111) (6,3,111,170) (15,2,170,199) (2,5,199,284) (10,4,299,351) (12,4,359,369) (2,6,369,408) (7,6,426,434) (3,4,434,441) (15,5,441,488) (11,5,488,506) (10,6,506,526) (11,6,526,564) (3,7,592,649) (10,9,649,702) (6,8,702,747) (4,10,747,819) 
(1,1,0,8) (2,1,8,27) (2,2,27,100) (10,2,100,105) (9,2,105,144) (4,3,144,243) (3,3,243,323) (8,4,323,354) (4,5,354,422) (2,7,422,435) (1,5,435,465) (11,4,465,484) (1,6,484,527) (5,7,527,539) (13,8,539,619) (8,8,637,646) (14,8,646,669) (11,8,669,704) (11,9,704,753) (10,10,753,810) (6,10,810,819) 
(4,1,0,68) (7,2,71,162) (7,3,162,227) (13,4,230,321) (9,4,321,346) (1,4,346,420) (4,6,422,513) (12,7,513,585) (2,9,585,652) (9,9,652,687) (14,9,687,782) (14,10,782,816) 
(9,1,0,35) (13,1,35,114) (13,2,114,174) (5,3,177,217) (5,4,217,224) (9,3,224,298) (15,4,298,353) (9,5,353,400) (12,5,400,460) (3,5,460,515) (8,6,515,553) (14,6,553,625) (14,7,625,631) (11,7,631,655) (3,8,655,727) (11,10,753,762) (12,10,770,788) (2,10,788,797) 
(5,1,0,84) (8,2,84,174) (13,3,174,230) (4,4,243,303) (5,5,303,373) (13,6,373,459) (6,6,459,528) (6,7,528,627) (12,8,627,645) (1,8,645,743) (8,10,749,798) 
(6,1,0,60) (6,2,60,109) (1,2,109,184) (15,3,199,248) (1,3,248,320) (7,5,328,426) (7,7,434,484) (15,6,488,565) (8,7,565,637) (9,10,687,767) (5,10,767,797) 
