10 10
756

(5,1,0,91) (9,3,146,234) (8,5,324,405) (9,7,405,498) (3,8,498,529) (7,8,559,655) (9,9,655,724) 
(1,2,30,111) (3,5,186,230) (1,4,240,280) (2,5,280,326) (5,5,344,415) (2,7,415,440) (10,7,440,484) (6,5,484,513) (10,8,513,612) (6,8,654,664) (6,9,664,718) 
(6,1,0,8) (2,2,21,91) (10,3,91,159) (3,6,230,313) (5,4,327,344) (6,4,397,474) (4,9,558,599) (6,7,609,654) (7,9,655,683) (7,10,683,756) 
(7,2,70,162) (8,3,187,272) (10,6,272,343) (4,4,343,351) (3,7,351,440) (2,9,542,597) (10,10,672,756) 
(7,1,0,70) (3,3,122,162) (4,2,162,239) (5,3,239,327) (9,4,327,339) (6,3,339,397) (5,6,415,465) (2,8,465,542) (9,8,542,591) (5,10,695,702) (1,10,702,742) 
(3,1,0,85) (3,2,85,122) (10,4,159,185) (1,3,185,240) (7,4,260,347) (7,5,347,446) (8,8,476,535) (1,6,535,572) (1,8,578,597) (5,9,639,695) (2,10,695,710) 
(8,1,0,95) (7,3,162,260) (6,2,260,269) (8,6,405,437) (4,7,440,478) (6,6,513,609) (4,10,609,706) (9,10,724,751) 
(9,1,0,60) (8,2,95,187) (10,5,187,269) (4,3,269,325) (2,6,326,391) (8,7,437,476) (4,8,478,558) (3,9,558,642) (6,10,718,754) 
(10,1,0,21) (4,1,21,101) (9,2,101,146) (3,4,162,186) (2,4,186,250) (1,5,280,312) (9,5,339,346) (4,5,351,381) (7,6,446,473) (7,7,473,559) (5,8,559,639) (10,9,639,672) (8,10,672,728) 
(2,1,0,21) (1,1,21,30) (10,2,30,91) (2,3,91,156) (5,2,156,196) (8,4,272,324) (9,6,346,368) (4,6,381,440) (5,7,465,524) (1,7,572,578) (8,9,578,619) (1,9,619,700) (3,10,700,729) 
