15 10
824

(8,1,0,62) (8,2,62,152) (8,3,152,250) (10,4,250,302) (10,5,302,390) (3,4,390,397) (12,4,414,424) (14,6,424,496) (1,5,496,526) (11,6,526,564) (6,7,564,663) (15,8,663,671) (8,9,671,743) (3,10,743,789) (11,10,789,798) (6,10,807,816) 
(9,1,0,35) (3,1,35,85) (12,1,85,153) (14,4,173,219) (12,2,219,279) (5,3,279,319) (13,5,319,359) (2,5,359,444) (12,5,444,504) (14,7,504,510) (14,8,510,533) (10,8,533,557) (5,8,557,600) (8,8,600,609) (2,8,609,635) (5,9,635,704) (9,9,705,740) (4,10,740,812) 
(14,1,0,10) (7,1,10,81) (13,3,139,195) (10,2,195,200) (10,3,200,250) (11,2,250,341) (8,5,341,432) (6,5,432,495) (6,6,495,564) (7,8,572,647) (7,9,647,684) (9,8,684,705) (13,10,710,761) (12,10,806,824) 
(15,1,0,24) (15,2,24,53) (3,2,85,178) (6,4,178,250) (14,5,250,290) (8,4,290,321) (9,6,333,385) (4,5,385,453) (4,6,453,544) (15,7,544,621) (13,9,621,710) (7,10,710,727) (4,9,727,738) (1,9,758,784) (1,10,784,803) 
(10,1,0,58) (14,2,58,150) (11,1,150,249) (7,4,249,339) (15,6,340,417) (5,6,417,491) (11,5,491,509) (2,6,509,548) (4,7,548,559) (3,7,559,616) (9,7,616,679) (12,8,679,697) (10,9,697,750) (5,10,750,780) (6,9,780,807) 
(6,1,0,60) (9,2,60,99) (9,3,99,173) (5,2,173,207) (4,3,211,310) (1,3,310,382) (11,3,382,415) (11,4,415,434) (3,5,434,489) (3,6,489,550) (14,9,550,645) (11,8,645,680) (14,10,680,714) (11,9,714,763) (10,10,763,820) 
(4,1,0,68) (7,2,81,172) (9,4,173,198) (13,4,198,289) (15,5,293,340) (7,5,340,438) (5,7,491,503) (7,6,503,511) (13,8,534,614) (1,7,615,653) (2,9,653,720) (6,8,720,765) (2,10,765,774) (8,10,774,823) 
(2,1,0,19) (6,2,60,109) (6,3,109,168) (4,2,168,211) (1,2,211,286) (9,5,286,333) (5,4,333,340) (5,5,340,410) (1,4,410,484) (8,6,484,522) (7,7,522,572) (1,6,572,615) (3,8,616,688) (15,9,688,716) (12,9,716,806) 
(13,1,0,79) (13,2,79,139) (14,3,150,173) (7,3,173,238) (15,4,238,293) (2,4,293,316) (4,4,316,376) (13,6,376,462) (13,7,462,534) (12,6,534,549) (2,7,549,562) (11,7,564,588) (12,7,588,660) (1,8,660,758) (15,10,758,806) 
(5,1,0,84) (1,1,84,92) (2,2,92,165) (15,3,165,214) (2,3,214,257) (3,3,257,337) (12,3,337,414) (10,6,414,434) (10,7,434,502) (8,7,522,594) (4,8,594,690) (3,9,690,732) (9,10,740,820) 
