15 10
822

(8,1,0,62) (9,2,62,101) (3,2,101,194) (13,4,195,286) (3,5,286,341) (13,6,341,427) (5,3,427,467) (15,5,467,514) (9,7,514,577) (8,8,577,586) (6,7,586,685) (8,10,685,734) (7,9,734,771) (15,10,771,819) 
(9,1,0,35) (12,1,35,103) (1,2,103,178) (8,3,178,276) (11,3,303,336) (12,5,336,396) (15,4,396,451) (12,7,451,523) (14,6,523,595) (11,9,603,652) (9,9,652,687) (5,9,687,756) (12,10,774,792) (7,10,792,809) 
(14,2,10,102) (5,2,134,168) (1,3,178,250) (9,4,250,275) (13,5,286,326) (10,6,326,346) (4,5,346,414) (7,5,424,522) (4,7,522,533) (3,7,535,592) (14,7,595,601) (9,8,601,622) (5,7,626,638) (7,8,638,713) (3,9,720,762) (13,10,762,813) 
(1,1,0,8) (10,1,8,66) (13,2,79,139) (2,2,139,212) (11,2,212,303) (8,4,303,334) (7,4,334,424) (11,4,424,443) (1,5,443,473) (14,5,473,513) (1,6,513,556) (1,7,556,594) (2,7,594,607) (15,7,607,684) (12,9,684,774) (6,9,775,802) (1,10,803,822) 
(14,1,0,10) (7,1,10,81) (10,3,81,131) (10,4,131,183) (4,3,183,282) (9,5,282,329) (15,3,329,378) (2,5,378,463) (11,5,463,481) (11,6,481,519) (2,6,519,558) (7,7,558,608) (12,8,608,626) (10,9,626,679) (1,8,679,777) (5,10,777,807) (6,10,807,816) 
(6,1,0,60) (10,2,66,71) (6,2,71,120) (2,1,120,139) (12,2,139,199) (14,3,199,222) (15,2,222,251) (7,3,260,325) (8,5,334,425) (10,8,425,449) (5,4,467,474) (3,6,474,535) (7,6,535,543) (11,8,568,603) (14,8,603,626) (5,8,638,681) (10,10,681,738) (4,10,738,810) 
(3,1,0,50) (5,1,50,134) (9,3,134,208) (12,3,208,285) (4,4,285,345) (6,5,345,408) (4,6,414,505) (15,6,514,591) (8,9,591,663) (2,9,663,730) (6,8,730,775) (1,9,777,803) 
(11,1,0,99) (4,2,99,142) (6,3,142,201) (10,5,201,289) (14,4,289,335) (1,4,335,409) (8,6,425,463) (5,5,474,544) (11,7,544,568) (13,8,568,648) (3,8,648,720) (15,8,720,728) (15,9,728,756) (3,10,762,808) 
(13,1,0,79) (8,2,79,169) (7,2,169,260) (6,4,260,332) (2,4,332,355) (12,6,396,411) (6,6,411,480) (13,7,480,552) (5,6,552,626) (14,9,626,721) (9,10,721,801) (11,10,801,810) 
(4,1,0,68) (15,1,68,92) (13,3,139,195) (3,3,195,275) (3,4,275,282) (2,3,282,325) (12,4,325,335) (10,7,346,414) (9,6,414,466) (8,7,466,538) (4,8,538,634) (2,8,634,660) (4,9,660,671) (13,9,671,760) (2,10,760,769) (14,10,769,803) 
