15 10
846

(13,1,0,79) (10,2,79,84) (14,1,84,94) (8,2,94,184) (13,4,198,289) (10,4,289,341) (4,5,341,409) (4,6,409,500) (11,6,512,550) (11,7,550,574) (10,7,574,642) (10,8,642,666) (10,9,666,719) (9,9,719,754) (8,10,796,845) 
(12,1,0,68) (13,2,79,139) (8,3,184,282) (8,5,313,404) (15,5,447,494) (11,5,494,512) (8,7,512,584) (3,7,584,641) (8,8,641,650) (14,8,650,673) (11,9,673,722) (4,9,722,733) (12,10,733,751) (7,10,751,768) (15,9,768,796) (15,10,796,844) 
(4,1,0,68) (15,1,68,92) (10,3,92,142) (13,3,142,198) (6,4,205,277) (8,4,282,313) (11,3,313,346) (6,5,346,409) (9,4,416,441) (2,7,466,479) (6,6,479,548) (2,8,548,574) (12,8,574,592) (11,8,592,627) (9,8,627,648) (6,7,648,747) (4,10,747,819) 
(10,1,0,58) (5,2,84,118) (11,2,118,209) (2,3,250,293) (15,3,293,342) (14,4,342,388) (12,5,388,448) (1,5,448,478) (4,7,500,511) (9,6,511,563) (1,7,563,601) (5,8,601,644) (14,7,644,650) (15,7,650,727) (1,9,727,753) (1,10,753,772) (6,9,792,819) 
(11,1,0,99) (2,1,99,118) (3,2,118,211) (14,2,211,303) (9,2,303,342) (2,5,342,427) (2,6,427,466) (5,6,466,540) (9,7,563,626) (1,8,626,724) (8,9,724,796) (6,10,819,828) 
(6,1,0,60) (3,1,60,110) (12,2,110,170) (5,4,170,177) (2,2,177,250) (4,4,250,310) (14,3,310,333) (9,3,342,416) (3,5,416,471) (11,4,471,490) (1,6,490,533) (13,8,533,613) (2,9,613,680) (7,9,680,717) (14,9,717,812) (14,10,812,846) 
(7,1,0,71) (4,2,71,114) (4,3,114,213) (3,3,213,293) (1,4,311,385) (3,4,385,392) (15,4,392,447) (9,5,447,494) (12,7,494,566) (15,6,566,643) (12,9,643,733) (6,8,747,792) (3,10,795,841) 
(8,1,0,62) (6,2,62,111) (9,1,111,146) (6,3,146,205) (12,4,251,261) (13,5,289,329) (5,5,329,399) (8,6,404,442) (7,6,442,450) (13,7,450,522) (5,7,540,552) (14,6,552,624) (3,8,641,713) (13,10,735,786) (10,10,786,843) 
(5,1,0,84) (15,2,92,121) (5,3,121,161) (7,3,174,239) (1,3,239,311) (2,4,311,334) (13,6,334,420) (14,5,420,460) (7,7,460,510) (3,6,510,571) (7,8,571,646) (13,9,646,735) (9,10,754,834) 
(1,1,0,8) (1,2,8,83) (7,2,83,174) (12,3,174,251) (7,4,251,341) (7,5,341,439) (12,6,448,463) (10,5,463,551) (10,6,551,571) (4,8,571,667) (5,9,667,736) (15,8,736,744) (11,10,744,753) (3,9,753,795) (5,10,795,825) (2,10,825,834) 
