15 10
829

(3,1,0,50) (8,1,50,112) (5,3,118,158) (13,4,195,286) (2,4,286,309) (4,5,309,377) (10,4,377,429) (11,6,429,467) (4,7,468,479) (13,8,484,564) (11,7,564,588) (10,8,626,650) (10,9,650,703) (9,10,703,783) (11,10,783,792) (14,10,795,829) 
(13,2,79,139) (12,3,139,216) (9,3,216,290) (15,4,297,352) (14,5,352,392) (11,5,392,410) (13,7,412,484) (5,8,484,527) (6,6,531,600) (14,8,600,623) (12,8,623,641) (13,10,653,704) (11,9,704,753) (15,9,753,781) (15,10,781,829) 
(14,1,0,10) (7,1,10,81) (5,2,84,118) (13,3,139,195) (7,2,195,286) (13,5,286,326) (10,3,326,376) (4,6,377,468) (6,5,468,531) (10,6,538,558) (10,7,558,626) (9,8,641,662) (2,9,662,729) (4,10,729,801) 
(10,1,0,58) (3,2,58,151) (3,3,151,231) (2,3,231,274) (11,3,274,307) (2,5,309,394) (6,4,394,466) (1,6,466,509) (1,7,509,547) (14,7,552,558) (4,8,558,654) (7,8,654,729) (1,9,739,765) (1,10,765,784) (6,9,788,815) 
(11,1,0,99) (9,2,103,142) (1,3,154,226) (6,3,250,309) (1,5,309,339) (15,5,352,399) (2,6,399,438) (8,4,438,469) (3,7,469,526) (9,6,526,578) (9,7,578,641) (1,8,641,739) (5,10,739,769) (2,10,769,778) (8,10,780,829) 
(1,1,0,8) (2,1,8,27) (15,1,27,51) (10,2,58,63) (12,2,68,128) (11,2,128,219) (15,2,219,248) (4,4,248,308) (3,5,308,363) (5,6,367,441) (2,7,441,454) (5,7,454,466) (12,6,472,487) (15,7,487,564) (13,9,564,653) (12,9,653,743) (6,8,743,788) (12,10,788,806) (6,10,815,824) 
(5,1,0,84) (4,2,84,127) (4,3,127,226) (1,4,226,300) (9,4,300,325) (7,3,325,390) (15,6,399,476) (7,5,480,578) (8,6,578,616) (11,8,616,651) (4,9,654,665) (9,9,665,700) (14,9,700,795) (7,10,795,812) 
(12,1,0,68) (9,1,68,103) (14,2,103,195) (6,2,201,250) (14,3,250,273) (14,4,273,319) (13,6,326,412) (12,5,412,472) (8,5,472,563) (15,8,564,572) (7,6,578,586) (7,7,586,636) (6,7,636,735) (10,10,735,792) 
(13,1,0,79) (1,2,79,154) (8,2,154,244) (8,3,244,342) (9,5,342,389) (3,6,389,450) (10,5,450,538) (12,7,538,610) (2,8,610,636) (3,8,636,708) (8,9,708,780) (3,10,780,826) 
(4,1,0,68) (2,2,68,141) (6,1,141,201) (5,4,201,208) (12,4,216,226) (3,4,231,238) (15,3,248,297) (5,5,297,367) (11,4,367,386) (7,4,390,480) (14,6,480,552) (5,9,552,621) (8,7,621,693) (8,8,693,702) (3,9,708,750) (7,9,750,787) 
