15 15
993

(6,2,72,160) (12,5,160,207) (13,3,215,288) (15,4,328,395) (8,8,395,432) (6,8,464,478) (15,8,478,496) (4,9,497,539) (1,9,543,556) (5,9,556,598) (10,11,598,642) (14,13,642,687) (4,15,711,752) (13,13,781,853) (6,15,857,906) (9,15,927,989) 
(10,1,0,87) (1,2,87,115) (10,3,115,195) (12,6,207,284) (10,6,293,383) (9,7,383,416) (12,10,429,527) (10,10,527,598) (1,11,637,672) (11,13,720,752) (1,13,760,798) (7,13,831,839) (3,14,887,915) 
(7,2,15,97) (4,4,97,112) (3,3,158,181) (9,4,187,210) (1,4,224,257) (3,5,257,345) (14,9,401,471) (8,9,471,519) (11,10,524,591) (4,14,612,711) (5,11,714,737) (15,12,737,773) (15,13,773,866) (12,15,866,896) (7,15,896,992) 
(9,1,0,12) (2,1,12,76) (7,3,97,118) (5,3,158,254) (5,5,269,342) (14,8,372,401) (6,7,401,464) (6,9,478,545) (4,11,563,578) (7,10,619,664) (13,10,683,737) (14,14,737,831) (9,13,831,890) (5,14,920,944) (15,15,950,992) 
(11,1,0,54) (11,2,54,76) (3,2,76,158) (3,4,181,243) (5,4,254,269) (1,5,269,320) (2,5,331,337) (11,8,337,431) (11,9,431,524) (4,10,539,563) (15,9,563,606) (4,13,606,612) (13,8,617,648) (12,13,648,703) (2,11,717,740) (5,12,740,826) (8,14,865,888) (10,15,888,980) 
(3,1,0,73) (12,3,128,150) (1,3,150,224) (14,6,238,277) (13,4,288,370) (3,7,370,435) (4,8,485,497) (14,11,514,562) (9,9,567,631) (11,12,645,720) (10,13,729,744) (7,12,780,831) (7,14,839,866) (1,15,866,893) (13,15,905,981) 
(6,1,0,72) (8,3,87,101) (7,4,118,171) (10,4,195,245) (6,4,253,266) (12,7,284,363) (1,6,363,438) (7,7,438,537) (6,10,545,562) (14,12,562,620) (5,10,620,714) (13,11,737,744) (6,13,784,852) (3,15,915,993) 
(4,3,63,96) (8,4,101,139) (12,4,150,159) (11,4,160,206) (14,5,210,238) (15,3,238,328) (8,7,328,383) (10,7,383,455) (14,10,471,514) (13,7,544,617) (15,10,617,701) (1,12,701,760) (10,14,760,821) (3,13,826,887) (2,15,887,959) 
(8,1,0,54) (5,1,54,151) (6,3,160,253) (11,6,279,295) (6,6,310,376) (15,6,409,432) (5,7,432,464) (10,9,479,493) (2,8,501,508) (7,8,537,563) (4,12,578,606) (2,9,606,696) (15,11,701,727) (9,11,727,736) (13,12,744,781) (2,14,811,860) (11,15,860,957) 
(7,1,0,15) (1,1,15,80) (5,2,151,158) (9,3,161,187) (7,6,243,292) (14,7,292,372) (4,7,391,485) (7,9,563,619) (8,10,619,712) (7,11,712,780) (11,14,780,820) (6,14,852,857) (8,15,888,971) 
(15,1,0,70) (15,2,70,87) (10,2,87,99) (11,3,99,160) (14,4,184,210) (9,5,210,238) (10,5,245,293) (4,6,293,391) (12,9,399,429) (2,7,429,501) (12,11,527,606) (12,12,606,613) (9,10,631,646) (13,9,648,683) (10,12,683,729) (8,12,772,842) (5,13,842,920) 
(12,1,0,92) (9,2,92,161) (8,5,161,197) (11,5,206,279) (9,6,279,361) (13,5,370,452) (3,8,452,522) (9,8,522,567) (11,11,591,645) (6,11,645,730) (3,12,749,826) (13,14,853,905) (5,15,944,975) 
(14,1,0,98) (2,2,98,151) (7,5,171,243) (8,6,243,295) (2,4,298,331) (12,8,363,399) (15,7,432,453) (10,8,455,479) (5,8,479,501) (1,8,511,543) (1,10,556,637) (2,10,696,717) (2,12,740,750) (9,12,750,823) (8,13,842,865) (15,14,866,950) 
(4,2,12,63) (8,2,63,87) (14,2,98,132) (13,2,132,215) (2,3,215,298) (11,7,298,304) (2,6,337,389) (5,6,389,432) (13,6,452,544) (3,10,575,656) (12,14,703,709) (8,11,712,772) (2,13,772,811) (1,14,811,866) (9,14,890,927) 
(4,1,0,12) (13,1,12,61) (12,2,92,128) (14,3,132,184) (4,5,184,256) (6,5,266,310) (3,6,345,366) (15,5,395,409) (1,7,438,511) (3,9,522,575) (3,11,656,749) (6,12,749,784) (14,15,831,927) 
